Ion = Hydrogen    , Mass = 2.014
Tgt = Ta (Solid), Density = 16.601 g/cm3
Stopping Units = MeV/mm       
Energy(keV)  S(Elec)    S(Nuc)
5.000E+00   4.288E+01  2.975E+00 
5.042E+00   4.304E+01  2.972E+00 
5.084E+00   4.319E+01  2.970E+00 
5.126E+00   4.335E+01  2.967E+00 
5.169E+00   4.350E+01  2.965E+00 
5.212E+00   4.366E+01  2.962E+00 
5.255E+00   4.381E+01  2.960E+00 
5.299E+00   4.397E+01  2.957E+00 
5.343E+00   4.413E+01  2.954E+00 
5.388E+00   4.429E+01  2.952E+00 
5.433E+00   4.445E+01  2.949E+00 
5.478E+00   4.461E+01  2.946E+00 
5.524E+00   4.477E+01  2.943E+00 
5.570E+00   4.493E+01  2.940E+00 
5.616E+00   4.509E+01  2.938E+00 
5.663E+00   4.525E+01  2.935E+00 
5.710E+00   4.541E+01  2.932E+00 
5.758E+00   4.558E+01  2.929E+00 
5.806E+00   4.574E+01  2.926E+00 
5.854E+00   4.590E+01  2.923E+00 
5.903E+00   4.607E+01  2.920E+00 
5.952E+00   4.624E+01  2.917E+00 
6.002E+00   4.640E+01  2.913E+00 
6.052E+00   4.657E+01  2.910E+00 
6.102E+00   4.674E+01  2.907E+00 
6.153E+00   4.691E+01  2.904E+00 
6.205E+00   4.708E+01  2.901E+00 
6.256E+00   4.725E+01  2.897E+00 
6.309E+00   4.742E+01  2.894E+00 
6.361E+00   4.759E+01  2.891E+00 
6.414E+00   4.776E+01  2.887E+00 
6.468E+00   4.794E+01  2.884E+00 
6.522E+00   4.811E+01  2.880E+00 
6.576E+00   4.828E+01  2.877E+00 
6.631E+00   4.846E+01  2.874E+00 
6.686E+00   4.863E+01  2.870E+00 
6.742E+00   4.881E+01  2.866E+00 
6.798E+00   4.899E+01  2.863E+00 
6.855E+00   4.917E+01  2.859E+00 
6.912E+00   4.934E+01  2.856E+00 
6.969E+00   4.952E+01  2.852E+00 
7.028E+00   4.970E+01  2.848E+00 
7.086E+00   4.988E+01  2.844E+00 
7.145E+00   5.006E+01  2.841E+00 
7.205E+00   5.025E+01  2.837E+00 
7.265E+00   5.043E+01  2.833E+00 
7.325E+00   5.061E+01  2.829E+00 
7.386E+00   5.080E+01  2.825E+00 
7.448E+00   5.098E+01  2.821E+00 
7.510E+00   5.117E+01  2.817E+00 
7.573E+00   5.135E+01  2.813E+00 
7.636E+00   5.154E+01  2.809E+00 
7.700E+00   5.173E+01  2.805E+00 
7.764E+00   5.192E+01  2.801E+00 
7.828E+00   5.211E+01  2.797E+00 
7.894E+00   5.230E+01  2.793E+00 
7.960E+00   5.249E+01  2.789E+00 
8.026E+00   5.268E+01  2.785E+00 
8.093E+00   5.287E+01  2.781E+00 
8.160E+00   5.306E+01  2.776E+00 
8.228E+00   5.326E+01  2.772E+00 
8.297E+00   5.345E+01  2.768E+00 
8.366E+00   5.365E+01  2.763E+00 
8.436E+00   5.385E+01  2.759E+00 
8.506E+00   5.404E+01  2.755E+00 
8.577E+00   5.424E+01  2.750E+00 
8.649E+00   5.444E+01  2.746E+00 
8.721E+00   5.464E+01  2.741E+00 
8.793E+00   5.484E+01  2.737E+00 
8.867E+00   5.504E+01  2.732E+00 
8.941E+00   5.524E+01  2.728E+00 
9.015E+00   5.544E+01  2.723E+00 
9.090E+00   5.565E+01  2.719E+00 
9.166E+00   5.585E+01  2.714E+00 
9.242E+00   5.606E+01  2.709E+00 
9.320E+00   5.626E+01  2.704E+00 
9.397E+00   5.647E+01  2.700E+00 
9.476E+00   5.668E+01  2.695E+00 
9.555E+00   5.689E+01  2.690E+00 
9.634E+00   5.709E+01  2.685E+00 
9.715E+00   5.731E+01  2.681E+00 
9.796E+00   5.752E+01  2.676E+00 
9.877E+00   5.773E+01  2.671E+00 
9.960E+00   5.794E+01  2.666E+00 
1.004E+01   5.815E+01  2.661E+00 
1.013E+01   5.837E+01  2.656E+00 
1.021E+01   5.858E+01  2.651E+00 
1.030E+01   5.880E+01  2.646E+00 
1.038E+01   5.902E+01  2.641E+00 
1.047E+01   5.923E+01  2.636E+00 
1.056E+01   5.945E+01  2.631E+00 
1.064E+01   5.967E+01  2.626E+00 
1.073E+01   5.989E+01  2.621E+00 
1.082E+01   6.011E+01  2.616E+00 
1.091E+01   6.033E+01  2.610E+00 
1.100E+01   6.056E+01  2.605E+00 
1.110E+01   6.078E+01  2.600E+00 
1.119E+01   6.100E+01  2.595E+00 
1.128E+01   6.123E+01  2.590E+00 
1.137E+01   6.146E+01  2.584E+00 
1.147E+01   6.168E+01  2.579E+00 
1.157E+01   6.191E+01  2.574E+00 
1.166E+01   6.214E+01  2.568E+00 
1.176E+01   6.237E+01  2.563E+00 
1.186E+01   6.260E+01  2.557E+00 
1.196E+01   6.283E+01  2.552E+00 
1.206E+01   6.307E+01  2.547E+00 
1.216E+01   6.330E+01  2.541E+00 
1.226E+01   6.353E+01  2.536E+00 
1.236E+01   6.377E+01  2.530E+00 
1.246E+01   6.401E+01  2.525E+00 
1.257E+01   6.424E+01  2.519E+00 
1.267E+01   6.448E+01  2.513E+00 
1.278E+01   6.472E+01  2.508E+00 
1.288E+01   6.496E+01  2.502E+00 
1.299E+01   6.520E+01  2.497E+00 
1.310E+01   6.544E+01  2.491E+00 
1.321E+01   6.569E+01  2.485E+00 
1.332E+01   6.593E+01  2.479E+00 
1.343E+01   6.618E+01  2.474E+00 
1.354E+01   6.642E+01  2.468E+00 
1.365E+01   6.667E+01  2.462E+00 
1.377E+01   6.692E+01  2.456E+00 
1.388E+01   6.716E+01  2.451E+00 
1.400E+01   6.741E+01  2.445E+00 
1.412E+01   6.766E+01  2.439E+00 
1.423E+01   6.792E+01  2.433E+00 
1.435E+01   6.817E+01  2.427E+00 
1.447E+01   6.842E+01  2.421E+00 
1.459E+01   6.868E+01  2.416E+00 
1.471E+01   6.893E+01  2.410E+00 
1.484E+01   6.919E+01  2.404E+00 
1.496E+01   6.945E+01  2.398E+00 
1.508E+01   6.970E+01  2.392E+00 
1.521E+01   6.996E+01  2.386E+00 
1.534E+01   7.023E+01  2.380E+00 
1.547E+01   7.049E+01  2.374E+00 
1.559E+01   7.075E+01  2.368E+00 
1.572E+01   7.101E+01  2.362E+00 
1.586E+01   7.128E+01  2.356E+00 
1.599E+01   7.154E+01  2.349E+00 
1.612E+01   7.181E+01  2.343E+00 
1.626E+01   7.208E+01  2.337E+00 
1.639E+01   7.235E+01  2.331E+00 
1.653E+01   7.262E+01  2.325E+00 
1.666E+01   7.289E+01  2.319E+00 
1.680E+01   7.316E+01  2.313E+00 
1.694E+01   7.343E+01  2.307E+00 
1.709E+01   7.371E+01  2.300E+00 
1.723E+01   7.398E+01  2.294E+00 
1.737E+01   7.426E+01  2.288E+00 
1.752E+01   7.453E+01  2.282E+00 
1.766E+01   7.481E+01  2.275E+00 
1.781E+01   7.509E+01  2.269E+00 
1.796E+01   7.537E+01  2.263E+00 
1.811E+01   7.565E+01  2.257E+00 
1.826E+01   7.594E+01  2.250E+00 
1.841E+01   7.622E+01  2.244E+00 
1.856E+01   7.650E+01  2.238E+00 
1.872E+01   7.679E+01  2.231E+00 
1.888E+01   7.708E+01  2.225E+00 
1.903E+01   7.737E+01  2.219E+00 
1.919E+01   7.765E+01  2.212E+00 
1.935E+01   7.795E+01  2.206E+00 
1.951E+01   7.824E+01  2.200E+00 
1.968E+01   7.853E+01  2.193E+00 
1.984E+01   7.882E+01  2.187E+00 
2.000E+01   7.912E+01  2.180E+00 
2.017E+01   7.941E+01  2.174E+00 
2.034E+01   7.971E+01  2.167E+00 
2.051E+01   8.001E+01  2.161E+00 
2.068E+01   8.031E+01  2.155E+00 
2.085E+01   8.061E+01  2.148E+00 
2.103E+01   8.091E+01  2.142E+00 
2.120E+01   8.121E+01  2.135E+00 
2.138E+01   8.151E+01  2.129E+00 
2.156E+01   8.182E+01  2.122E+00 
2.174E+01   8.212E+01  2.116E+00 
2.192E+01   8.243E+01  2.109E+00 
2.210E+01   8.274E+01  2.103E+00 
2.228E+01   8.305E+01  2.096E+00 
2.247E+01   8.336E+01  2.090E+00 
2.266E+01   8.367E+01  2.083E+00 
2.285E+01   8.398E+01  2.077E+00 
2.304E+01   8.430E+01  2.070E+00 
2.323E+01   8.461E+01  2.064E+00 
2.342E+01   8.493E+01  2.057E+00 
2.362E+01   8.525E+01  2.050E+00 
2.381E+01   8.557E+01  2.044E+00 
2.401E+01   8.589E+01  2.037E+00 
2.421E+01   8.621E+01  2.031E+00 
2.442E+01   8.653E+01  2.024E+00 
2.462E+01   8.685E+01  2.018E+00 
2.482E+01   8.718E+01  2.011E+00 
2.503E+01   8.750E+01  2.004E+00 
2.524E+01   8.783E+01  1.998E+00 
2.545E+01   8.816E+01  1.991E+00 
2.566E+01   8.849E+01  1.985E+00 
2.588E+01   8.882E+01  1.978E+00 
2.609E+01   8.915E+01  1.972E+00 
2.631E+01   8.948E+01  1.965E+00 
2.653E+01   8.982E+01  1.958E+00 
2.675E+01   9.015E+01  1.952E+00 
2.697E+01   9.049E+01  1.945E+00 
2.720E+01   9.083E+01  1.938E+00 
2.742E+01   9.117E+01  1.932E+00 
2.765E+01   9.151E+01  1.925E+00 
2.788E+01   9.185E+01  1.919E+00 
2.812E+01   9.219E+01  1.912E+00 
2.835E+01   9.254E+01  1.905E+00 
2.859E+01   9.288E+01  1.899E+00 
2.883E+01   9.323E+01  1.892E+00 
2.907E+01   9.358E+01  1.886E+00 
2.931E+01   9.393E+01  1.879E+00 
2.955E+01   9.428E+01  1.872E+00 
2.980E+01   9.463E+01  1.866E+00 
3.005E+01   9.498E+01  1.859E+00 
3.030E+01   9.533E+01  1.853E+00 
3.055E+01   9.569E+01  1.846E+00 
3.080E+01   9.605E+01  1.839E+00 
3.106E+01   9.640E+01  1.833E+00 
3.132E+01   9.676E+01  1.826E+00 
3.158E+01   9.712E+01  1.820E+00 
3.184E+01   9.748E+01  1.813E+00 
3.211E+01   9.785E+01  1.806E+00 
3.238E+01   9.821E+01  1.800E+00 
3.265E+01   9.858E+01  1.793E+00 
3.292E+01   9.894E+01  1.787E+00 
3.319E+01   9.931E+01  1.780E+00 
3.347E+01   9.968E+01  1.773E+00 
3.375E+01   1.000E+02  1.767E+00 
3.403E+01   1.004E+02  1.760E+00 
3.432E+01   1.008E+02  1.754E+00 
3.460E+01   1.012E+02  1.747E+00 
3.489E+01   1.015E+02  1.741E+00 
3.518E+01   1.019E+02  1.734E+00 
3.547E+01   1.023E+02  1.728E+00 
3.577E+01   1.027E+02  1.721E+00 
3.607E+01   1.031E+02  1.714E+00 
3.637E+01   1.034E+02  1.708E+00 
3.667E+01   1.038E+02  1.701E+00 
3.698E+01   1.042E+02  1.695E+00 
3.729E+01   1.046E+02  1.688E+00 
3.760E+01   1.050E+02  1.682E+00 
3.791E+01   1.054E+02  1.675E+00 
3.823E+01   1.058E+02  1.669E+00 
3.855E+01   1.061E+02  1.662E+00 
3.887E+01   1.065E+02  1.656E+00 
3.919E+01   1.069E+02  1.649E+00 
3.952E+01   1.073E+02  1.643E+00 
3.985E+01   1.077E+02  1.636E+00 
4.018E+01   1.081E+02  1.630E+00 
4.051E+01   1.085E+02  1.624E+00 
4.085E+01   1.089E+02  1.617E+00 
4.119E+01   1.093E+02  1.611E+00 
4.154E+01   1.097E+02  1.604E+00 
4.188E+01   1.101E+02  1.598E+00 
4.223E+01   1.105E+02  1.591E+00 
4.258E+01   1.109E+02  1.585E+00 
4.294E+01   1.113E+02  1.579E+00 
4.330E+01   1.117E+02  1.572E+00 
4.366E+01   1.122E+02  1.566E+00 
4.402E+01   1.126E+02  1.560E+00 
4.439E+01   1.130E+02  1.553E+00 
4.476E+01   1.134E+02  1.547E+00 
4.513E+01   1.138E+02  1.540E+00 
4.551E+01   1.142E+02  1.534E+00 
4.589E+01   1.146E+02  1.528E+00 
4.627E+01   1.151E+02  1.522E+00 
4.666E+01   1.155E+02  1.515E+00 
4.704E+01   1.159E+02  1.509E+00 
4.744E+01   1.163E+02  1.503E+00 
4.783E+01   1.167E+02  1.496E+00 
4.823E+01   1.172E+02  1.490E+00 
4.863E+01   1.176E+02  1.484E+00 
4.904E+01   1.180E+02  1.478E+00 
4.945E+01   1.184E+02  1.471E+00 
4.986E+01   1.189E+02  1.465E+00 
5.027E+01   1.193E+02  1.459E+00 
5.069E+01   1.197E+02  1.453E+00 
5.112E+01   1.202E+02  1.447E+00 
5.154E+01   1.206E+02  1.440E+00 
5.197E+01   1.210E+02  1.434E+00 
5.241E+01   1.215E+02  1.428E+00 
5.284E+01   1.219E+02  1.422E+00 
5.328E+01   1.223E+02  1.416E+00 
5.373E+01   1.228E+02  1.410E+00 
5.418E+01   1.232E+02  1.404E+00 
5.463E+01   1.237E+02  1.398E+00 
5.508E+01   1.241E+02  1.391E+00 
5.554E+01   1.245E+02  1.385E+00 
5.600E+01   1.250E+02  1.379E+00 
5.647E+01   1.254E+02  1.373E+00 
5.694E+01   1.259E+02  1.367E+00 
5.742E+01   1.263E+02  1.361E+00 
5.790E+01   1.268E+02  1.355E+00 
5.838E+01   1.272E+02  1.349E+00 
5.886E+01   1.277E+02  1.343E+00 
5.936E+01   1.281E+02  1.337E+00 
5.985E+01   1.286E+02  1.331E+00 
6.035E+01   1.290E+02  1.325E+00 
6.085E+01   1.295E+02  1.320E+00 
6.136E+01   1.299E+02  1.314E+00 
6.187E+01   1.304E+02  1.308E+00 
6.239E+01   1.309E+02  1.302E+00 
6.291E+01   1.313E+02  1.296E+00 
6.343E+01   1.318E+02  1.290E+00 
6.396E+01   1.322E+02  1.284E+00 
6.449E+01   1.327E+02  1.279E+00 
6.503E+01   1.332E+02  1.273E+00 
6.557E+01   1.336E+02  1.267E+00 
6.612E+01   1.341E+02  1.261E+00 
6.667E+01   1.346E+02  1.255E+00 
6.723E+01   1.350E+02  1.250E+00 
6.779E+01   1.355E+02  1.244E+00 
6.835E+01   1.360E+02  1.238E+00 
6.892E+01   1.364E+02  1.232E+00 
6.950E+01   1.369E+02  1.227E+00 
7.008E+01   1.374E+02  1.221E+00 
7.066E+01   1.378E+02  1.215E+00 
7.125E+01   1.383E+02  1.210E+00 
7.184E+01   1.388E+02  1.204E+00 
7.244E+01   1.392E+02  1.199E+00 
7.305E+01   1.397E+02  1.193E+00 
7.366E+01   1.402E+02  1.187E+00 
7.427E+01   1.407E+02  1.182E+00 
7.489E+01   1.411E+02  1.176E+00 
7.551E+01   1.416E+02  1.171E+00 
7.614E+01   1.421E+02  1.165E+00 
7.678E+01   1.426E+02  1.160E+00 
7.742E+01   1.430E+02  1.154E+00 
7.806E+01   1.435E+02  1.149E+00 
7.871E+01   1.440E+02  1.143E+00 
7.937E+01   1.445E+02  1.138E+00 
8.003E+01   1.450E+02  1.132E+00 
8.070E+01   1.454E+02  1.127E+00 
8.137E+01   1.459E+02  1.122E+00 
8.205E+01   1.464E+02  1.116E+00 
8.273E+01   1.469E+02  1.111E+00 
8.342E+01   1.474E+02  1.105E+00 
8.412E+01   1.478E+02  1.100E+00 
8.482E+01   1.483E+02  1.095E+00 
8.553E+01   1.488E+02  1.089E+00 
8.624E+01   1.493E+02  1.084E+00 
8.696E+01   1.498E+02  1.079E+00 
8.769E+01   1.502E+02  1.074E+00 
8.842E+01   1.507E+02  1.068E+00 
8.915E+01   1.512E+02  1.063E+00 
8.990E+01   1.517E+02  1.058E+00 
9.065E+01   1.522E+02  1.053E+00 
9.140E+01   1.526E+02  1.048E+00 
9.216E+01   1.531E+02  1.042E+00 
9.293E+01   1.536E+02  1.037E+00 
9.371E+01   1.541E+02  1.032E+00 
9.449E+01   1.546E+02  1.027E+00 
9.528E+01   1.551E+02  1.022E+00 
9.607E+01   1.555E+02  1.017E+00 
9.687E+01   1.560E+02  1.012E+00 
9.768E+01   1.565E+02  1.007E+00 
9.849E+01   1.570E+02  1.002E+00 
9.931E+01   1.575E+02  9.969E-01 
1.001E+02   1.579E+02  9.919E-01 
1.010E+02   1.584E+02  9.869E-01 
1.018E+02   1.589E+02  9.820E-01 
1.027E+02   1.594E+02  9.770E-01 
1.035E+02   1.598E+02  9.721E-01 
1.044E+02   1.603E+02  9.672E-01 
1.053E+02   1.608E+02  9.623E-01 
1.061E+02   1.613E+02  9.575E-01 
1.070E+02   1.617E+02  9.526E-01 
1.079E+02   1.622E+02  9.478E-01 
1.088E+02   1.627E+02  9.430E-01 
1.097E+02   1.632E+02  9.382E-01 
1.106E+02   1.636E+02  9.334E-01 
1.116E+02   1.641E+02  9.286E-01 
1.125E+02   1.646E+02  9.239E-01 
1.134E+02   1.650E+02  9.191E-01 
1.144E+02   1.655E+02  9.144E-01 
1.153E+02   1.660E+02  9.097E-01 
1.163E+02   1.664E+02  9.051E-01 
1.173E+02   1.669E+02  9.004E-01 
1.182E+02   1.673E+02  8.957E-01 
1.192E+02   1.678E+02  8.911E-01 
1.202E+02   1.683E+02  8.865E-01 
1.212E+02   1.687E+02  8.819E-01 
1.222E+02   1.692E+02  8.773E-01 
1.232E+02   1.696E+02  8.728E-01 
1.243E+02   1.701E+02  8.682E-01 
1.253E+02   1.705E+02  8.637E-01 
1.264E+02   1.710E+02  8.592E-01 
1.274E+02   1.714E+02  8.547E-01 
1.285E+02   1.719E+02  8.502E-01 
1.295E+02   1.723E+02  8.458E-01 
1.306E+02   1.728E+02  8.414E-01 
1.317E+02   1.732E+02  8.369E-01 
1.328E+02   1.736E+02  8.325E-01 
1.339E+02   1.741E+02  8.281E-01 
1.350E+02   1.745E+02  8.238E-01 
1.362E+02   1.749E+02  8.194E-01 
1.373E+02   1.754E+02  8.151E-01 
1.384E+02   1.758E+02  8.108E-01 
1.396E+02   1.762E+02  8.065E-01 
1.408E+02   1.766E+02  8.022E-01 
1.419E+02   1.770E+02  7.979E-01 
1.431E+02   1.775E+02  7.937E-01 
1.443E+02   1.779E+02  7.894E-01 
1.455E+02   1.783E+02  7.852E-01 
1.467E+02   1.787E+02  7.810E-01 
1.479E+02   1.791E+02  7.768E-01 
1.492E+02   1.795E+02  7.727E-01 
1.504E+02   1.799E+02  7.685E-01 
1.517E+02   1.803E+02  7.644E-01 
1.529E+02   1.807E+02  7.603E-01 
1.542E+02   1.811E+02  7.562E-01 
1.555E+02   1.814E+02  7.521E-01 
1.568E+02   1.818E+02  7.481E-01 
1.581E+02   1.822E+02  7.440E-01 
1.594E+02   1.826E+02  7.400E-01 
1.607E+02   1.829E+02  7.360E-01 
1.621E+02   1.833E+02  7.320E-01 
1.634E+02   1.837E+02  7.280E-01 
1.648E+02   1.840E+02  7.240E-01 
1.662E+02   1.844E+02  7.201E-01 
1.676E+02   1.847E+02  7.162E-01 
1.690E+02   1.851E+02  7.122E-01 
1.704E+02   1.854E+02  7.084E-01 
1.718E+02   1.858E+02  7.045E-01 
1.732E+02   1.861E+02  7.006E-01 
1.747E+02   1.864E+02  6.968E-01 
1.761E+02   1.867E+02  6.929E-01 
1.776E+02   1.871E+02  6.891E-01 
1.791E+02   1.874E+02  6.853E-01 
1.806E+02   1.877E+02  6.816E-01 
1.821E+02   1.880E+02  6.778E-01 
1.836E+02   1.883E+02  6.741E-01 
1.851E+02   1.886E+02  6.703E-01 
1.867E+02   1.889E+02  6.666E-01 
1.882E+02   1.892E+02  6.629E-01 
1.898E+02   1.895E+02  6.592E-01 
1.914E+02   1.897E+02  6.556E-01 
1.930E+02   1.900E+02  6.519E-01 
1.946E+02   1.903E+02  6.483E-01 
1.962E+02   1.905E+02  6.447E-01 
1.978E+02   1.908E+02  6.411E-01 
1.995E+02   1.911E+02  6.375E-01 
2.011E+02   1.913E+02  6.339E-01 
2.028E+02   1.915E+02  6.304E-01 
2.045E+02   1.918E+02  6.268E-01 
2.062E+02   1.920E+02  6.233E-01 
2.079E+02   1.922E+02  6.198E-01 
2.097E+02   1.924E+02  6.163E-01 
2.114E+02   1.927E+02  6.129E-01 
2.132E+02   1.929E+02  6.094E-01 
2.150E+02   1.931E+02  6.060E-01 
2.167E+02   1.933E+02  6.026E-01 
2.185E+02   1.934E+02  5.991E-01 
2.204E+02   1.936E+02  5.958E-01 
2.222E+02   1.938E+02  5.924E-01 
2.241E+02   1.940E+02  5.890E-01 
2.259E+02   1.941E+02  5.857E-01 
2.278E+02   1.943E+02  5.824E-01 
2.297E+02   1.945E+02  5.790E-01 
2.316E+02   1.946E+02  5.757E-01 
2.336E+02   1.947E+02  5.725E-01 
2.355E+02   1.949E+02  5.692E-01 
2.375E+02   1.950E+02  5.659E-01 
2.394E+02   1.951E+02  5.627E-01 
2.414E+02   1.952E+02  5.595E-01 
2.435E+02   1.953E+02  5.563E-01 
2.455E+02   1.954E+02  5.531E-01 
2.475E+02   1.955E+02  5.499E-01 
2.496E+02   1.956E+02  5.468E-01 
2.517E+02   1.957E+02  5.767E-01 
2.538E+02   1.958E+02  5.733E-01 
2.559E+02   1.958E+02  5.699E-01 
2.580E+02   1.959E+02  5.666E-01 
2.602E+02   1.960E+02  5.633E-01 
2.623E+02   1.960E+02  5.599E-01 
2.645E+02   1.960E+02  5.567E-01 
2.667E+02   1.961E+02  5.534E-01 
2.690E+02   1.961E+02  5.501E-01 
2.712E+02   1.961E+02  5.469E-01 
2.735E+02   1.961E+02  5.437E-01 
2.757E+02   1.961E+02  5.404E-01 
2.780E+02   1.961E+02  5.372E-01 
2.804E+02   1.961E+02  5.341E-01 
2.827E+02   1.961E+02  5.309E-01 
2.851E+02   1.961E+02  5.278E-01 
2.874E+02   1.961E+02  5.246E-01 
2.898E+02   1.960E+02  5.215E-01 
2.922E+02   1.960E+02  5.184E-01 
2.947E+02   1.960E+02  5.153E-01 
2.971E+02   1.959E+02  5.122E-01 
2.996E+02   1.958E+02  5.092E-01 
3.021E+02   1.958E+02  5.062E-01 
3.046E+02   1.957E+02  5.031E-01 
3.072E+02   1.956E+02  5.001E-01 
3.097E+02   1.955E+02  4.971E-01 
3.123E+02   1.954E+02  4.942E-01 
3.149E+02   1.953E+02  4.912E-01 
3.175E+02   1.952E+02  4.882E-01 
3.202E+02   1.951E+02  4.853E-01 
3.229E+02   1.950E+02  4.824E-01 
3.256E+02   1.949E+02  4.795E-01 
3.283E+02   1.947E+02  4.766E-01 
3.310E+02   1.946E+02  4.737E-01 
3.338E+02   1.945E+02  4.709E-01 
3.365E+02   1.943E+02  4.680E-01 
3.394E+02   1.942E+02  4.652E-01 
3.422E+02   1.940E+02  4.624E-01 
3.450E+02   1.938E+02  4.596E-01 
3.479E+02   1.937E+02  4.568E-01 
3.508E+02   1.935E+02  4.540E-01 
3.537E+02   1.933E+02  4.513E-01 
3.567E+02   1.931E+02  4.486E-01 
3.597E+02   1.929E+02  4.458E-01 
3.627E+02   1.927E+02  4.431E-01 
3.657E+02   1.925E+02  4.404E-01 
3.687E+02   1.923E+02  4.377E-01 
3.718E+02   1.921E+02  4.351E-01 
3.749E+02   1.918E+02  4.324E-01 
3.780E+02   1.916E+02  4.298E-01 
3.812E+02   1.914E+02  4.272E-01 
3.844E+02   1.911E+02  4.245E-01 
3.876E+02   1.909E+02  4.219E-01 
3.908E+02   1.906E+02  4.194E-01 
3.940E+02   1.904E+02  4.168E-01 
3.973E+02   1.901E+02  4.142E-01 
4.006E+02   1.898E+02  4.117E-01 
4.040E+02   1.896E+02  4.092E-01 
4.074E+02   1.893E+02  4.067E-01 
4.108E+02   1.890E+02  4.042E-01 
4.142E+02   1.887E+02  4.017E-01 
4.176E+02   1.885E+02  3.992E-01 
4.211E+02   1.882E+02  3.967E-01 
4.246E+02   1.879E+02  3.943E-01 
4.282E+02   1.876E+02  3.919E-01 
4.317E+02   1.873E+02  3.894E-01 
4.353E+02   1.869E+02  3.870E-01 
4.390E+02   1.866E+02  3.846E-01 
4.426E+02   1.863E+02  3.823E-01 
4.463E+02   1.860E+02  3.799E-01 
4.500E+02   1.857E+02  3.775E-01 
4.538E+02   1.853E+02  3.752E-01 
4.576E+02   1.850E+02  3.729E-01 
4.614E+02   1.847E+02  3.705E-01 
4.652E+02   1.843E+02  3.682E-01 
4.691E+02   1.840E+02  3.660E-01 
4.730E+02   1.836E+02  3.637E-01 
4.770E+02   1.833E+02  3.614E-01 
4.809E+02   1.829E+02  3.592E-01 
4.849E+02   1.826E+02  3.569E-01 
4.890E+02   1.822E+02  3.547E-01 
4.931E+02   1.819E+02  3.525E-01 
4.972E+02   1.815E+02  3.503E-01 
5.013E+02   1.811E+02  3.481E-01 
5.055E+02   1.808E+02  3.459E-01 
5.097E+02   1.804E+02  3.437E-01 
5.140E+02   1.800E+02  3.416E-01 
5.182E+02   1.796E+02  3.394E-01 
5.226E+02   1.793E+02  3.373E-01 
5.269E+02   1.789E+02  3.352E-01 
5.313E+02   1.785E+02  3.331E-01 
5.357E+02   1.781E+02  3.310E-01 
5.402E+02   1.777E+02  3.289E-01 
5.447E+02   1.773E+02  3.268E-01 
5.493E+02   1.769E+02  3.248E-01 
5.538E+02   1.765E+02  3.227E-01 
5.585E+02   1.762E+02  3.207E-01 
5.631E+02   1.758E+02  3.187E-01 
5.678E+02   1.754E+02  3.167E-01 
5.725E+02   1.750E+02  3.147E-01 
5.773E+02   1.745E+02  3.127E-01 
5.821E+02   1.741E+02  3.107E-01 
5.870E+02   1.737E+02  3.087E-01 
5.919E+02   1.733E+02  3.068E-01 
5.968E+02   1.729E+02  3.048E-01 
6.018E+02   1.725E+02  3.029E-01 
6.068E+02   1.721E+02  3.010E-01 
6.119E+02   1.717E+02  2.991E-01 
6.170E+02   1.713E+02  2.972E-01 
6.221E+02   1.709E+02  2.953E-01 
6.273E+02   1.704E+02  2.934E-01 
6.325E+02   1.700E+02  2.915E-01 
6.378E+02   1.696E+02  2.897E-01 
6.431E+02   1.692E+02  2.878E-01 
6.485E+02   1.688E+02  2.860E-01 
6.539E+02   1.683E+02  2.842E-01 
6.593E+02   1.679E+02  2.824E-01 
6.648E+02   1.675E+02  2.806E-01 
6.704E+02   1.671E+02  2.788E-01 
6.760E+02   1.666E+02  2.770E-01 
6.816E+02   1.662E+02  2.752E-01 
6.873E+02   1.658E+02  2.735E-01 
6.930E+02   1.653E+02  2.717E-01 
6.988E+02   1.649E+02  2.700E-01 
7.046E+02   1.645E+02  2.682E-01 
7.105E+02   1.641E+02  2.665E-01 
7.164E+02   1.636E+02  2.648E-01 
7.224E+02   1.632E+02  2.631E-01 
7.284E+02   1.628E+02  2.614E-01 
7.345E+02   1.623E+02  2.597E-01 
7.406E+02   1.619E+02  2.581E-01 
7.468E+02   1.615E+02  2.564E-01 
7.530E+02   1.610E+02  2.548E-01 
7.593E+02   1.606E+02  2.531E-01 
7.656E+02   1.602E+02  2.515E-01 
7.720E+02   1.597E+02  2.499E-01 
7.784E+02   1.593E+02  2.483E-01 
7.849E+02   1.588E+02  2.467E-01 
7.915E+02   1.584E+02  2.451E-01 
7.981E+02   1.580E+02  2.435E-01 
8.047E+02   1.575E+02  2.419E-01 
8.114E+02   1.571E+02  2.404E-01 
8.182E+02   1.567E+02  2.388E-01 
8.250E+02   1.562E+02  2.372E-01 
8.319E+02   1.558E+02  2.357E-01 
8.388E+02   1.553E+02  2.342E-01 
8.458E+02   1.549E+02  2.327E-01 
8.529E+02   1.545E+02  2.312E-01 
8.600E+02   1.540E+02  2.297E-01 
8.671E+02   1.536E+02  2.282E-01 
8.744E+02   1.531E+02  2.267E-01 
8.817E+02   1.527E+02  2.252E-01 
8.890E+02   1.523E+02  2.238E-01 
8.964E+02   1.518E+02  2.223E-01 
9.039E+02   1.514E+02  2.208E-01 
9.114E+02   1.509E+02  2.194E-01 
9.190E+02   1.505E+02  2.180E-01 
9.267E+02   1.500E+02  2.166E-01 
9.344E+02   1.496E+02  2.151E-01 
9.422E+02   1.492E+02  2.137E-01 
9.501E+02   1.487E+02  2.124E-01 
9.580E+02   1.483E+02  2.110E-01 
9.660E+02   1.478E+02  2.096E-01 
9.740E+02   1.474E+02  2.082E-01 
9.821E+02   1.469E+02  2.069E-01 
9.903E+02   1.465E+02  2.055E-01 
9.986E+02   1.461E+02  2.042E-01 
1.007E+03   1.456E+02  2.028E-01 
1.015E+03   1.452E+02  2.015E-01 
1.024E+03   1.447E+02  2.002E-01 
1.032E+03   1.443E+02  1.989E-01 
1.041E+03   1.438E+02  1.976E-01 
1.050E+03   1.434E+02  1.963E-01 
1.058E+03   1.429E+02  1.950E-01 
1.067E+03   1.425E+02  1.937E-01 
1.076E+03   1.421E+02  1.924E-01 
1.085E+03   1.416E+02  1.912E-01 
1.094E+03   1.412E+02  1.899E-01 
1.103E+03   1.407E+02  1.886E-01 
1.112E+03   1.403E+02  1.874E-01 
1.122E+03   1.398E+02  1.862E-01 
1.131E+03   1.394E+02  1.849E-01 
1.140E+03   1.389E+02  1.837E-01 
1.150E+03   1.385E+02  1.825E-01 
1.160E+03   1.380E+02  1.813E-01 
1.169E+03   1.376E+02  1.801E-01 
1.179E+03   1.372E+02  1.789E-01 
1.189E+03   1.367E+02  1.777E-01 
1.199E+03   1.363E+02  1.766E-01 
1.209E+03   1.358E+02  1.754E-01 
1.219E+03   1.354E+02  1.742E-01 
1.229E+03   1.349E+02  1.731E-01 
1.239E+03   1.345E+02  1.719E-01 
1.250E+03   1.340E+02  1.708E-01 
1.260E+03   1.336E+02  1.697E-01 
1.270E+03   1.331E+02  1.686E-01 
1.281E+03   1.327E+02  1.674E-01 
1.292E+03   1.322E+02  1.663E-01 
1.302E+03   1.318E+02  1.652E-01 
1.313E+03   1.314E+02  1.641E-01 
1.324E+03   1.309E+02  1.630E-01 
1.335E+03   1.305E+02  1.620E-01 
1.346E+03   1.300E+02  1.609E-01 
1.358E+03   1.296E+02  1.598E-01 
1.369E+03   1.291E+02  1.587E-01 
1.380E+03   1.287E+02  1.577E-01 
1.392E+03   1.282E+02  1.566E-01 
1.404E+03   1.278E+02  1.556E-01 
1.415E+03   1.273E+02  1.546E-01 
1.427E+03   1.269E+02  1.535E-01 
1.439E+03   1.264E+02  1.525E-01 
1.451E+03   1.260E+02  1.515E-01 
1.463E+03   1.256E+02  1.505E-01 
1.475E+03   1.251E+02  1.495E-01 
1.487E+03   1.247E+02  1.485E-01 
1.500E+03   1.242E+02  1.475E-01 
1.512E+03   1.238E+02  1.465E-01 
1.525E+03   1.233E+02  1.455E-01 
1.538E+03   1.229E+02  1.445E-01 
1.551E+03   1.224E+02  1.436E-01 
1.563E+03   1.220E+02  1.426E-01 
1.577E+03   1.215E+02  1.417E-01 
1.590E+03   1.211E+02  1.407E-01 
1.603E+03   1.207E+02  1.398E-01 
1.616E+03   1.202E+02  1.388E-01 
1.630E+03   1.198E+02  1.379E-01 
1.643E+03   1.193E+02  1.370E-01 
1.657E+03   1.189E+02  1.361E-01 
1.671E+03   1.184E+02  1.351E-01 
1.685E+03   1.180E+02  1.342E-01 
1.699E+03   1.175E+02  1.333E-01 
1.713E+03   1.171E+02  1.324E-01 
1.727E+03   1.167E+02  1.316E-01 
1.742E+03   1.162E+02  1.307E-01 
1.756E+03   1.158E+02  1.298E-01 
1.771E+03   1.153E+02  1.289E-01 
1.786E+03   1.149E+02  1.280E-01 
1.800E+03   1.144E+02  1.272E-01 
1.815E+03   1.140E+02  1.263E-01 
1.831E+03   1.136E+02  1.255E-01 
1.846E+03   1.131E+02  1.246E-01 
1.861E+03   1.127E+02  1.238E-01 
1.877E+03   1.122E+02  1.230E-01 
1.892E+03   1.118E+02  1.221E-01 
1.908E+03   1.114E+02  1.213E-01 
1.924E+03   1.109E+02  1.205E-01 
1.940E+03   1.105E+02  1.197E-01 
1.956E+03   1.100E+02  1.189E-01 
1.973E+03   1.096E+02  1.181E-01 
1.989E+03   1.092E+02  1.173E-01 
2.006E+03   1.087E+02  1.165E-01 
2.022E+03   1.083E+02  1.157E-01 
2.039E+03   1.080E+02  1.149E-01 
2.056E+03   1.076E+02  1.141E-01 
2.073E+03   1.073E+02  1.133E-01 
2.091E+03   1.069E+02  1.126E-01 
2.108E+03   1.066E+02  1.118E-01 
2.126E+03   1.062E+02  1.111E-01 
2.143E+03   1.059E+02  1.103E-01 
2.161E+03   1.055E+02  1.096E-01 
2.179E+03   1.051E+02  1.088E-01 
2.197E+03   1.048E+02  1.081E-01 
2.216E+03   1.044E+02  1.073E-01 
2.234E+03   1.040E+02  1.066E-01 
2.253E+03   1.036E+02  1.059E-01 
2.272E+03   1.033E+02  1.052E-01 
2.291E+03   1.029E+02  1.045E-01 
2.310E+03   1.025E+02  1.037E-01 
2.329E+03   1.021E+02  1.030E-01 
2.348E+03   1.017E+02  1.023E-01 
2.368E+03   1.013E+02  1.016E-01 
2.388E+03   1.009E+02  1.009E-01 
2.408E+03   1.005E+02  1.003E-01 
2.428E+03   1.001E+02  9.957E-02 
2.448E+03   9.975E+01  9.889E-02 
2.468E+03   9.939E+01  9.822E-02 
2.489E+03   9.903E+01  9.755E-02 
2.510E+03   9.867E+01  9.689E-02 
2.531E+03   9.831E+01  9.622E-02 
2.552E+03   9.795E+01  9.557E-02 
2.573E+03   9.759E+01  9.491E-02 
2.594E+03   9.723E+01  9.427E-02 
2.616E+03   9.688E+01  9.362E-02 
2.638E+03   9.652E+01  9.298E-02 
2.660E+03   9.616E+01  9.235E-02 
2.682E+03   9.580E+01  9.171E-02 
2.704E+03   9.544E+01  9.109E-02 
2.727E+03   9.509E+01  9.046E-02 
2.750E+03   9.473E+01  8.984E-02 
2.773E+03   9.437E+01  8.923E-02 
2.796E+03   9.402E+01  8.862E-02 
2.819E+03   9.366E+01  8.801E-02 
2.842E+03   9.331E+01  8.741E-02 
2.866E+03   9.296E+01  8.681E-02 
2.890E+03   9.260E+01  8.621E-02 
2.914E+03   9.225E+01  8.562E-02 
2.938E+03   9.190E+01  8.503E-02 
2.963E+03   9.154E+01  8.445E-02 
2.988E+03   9.119E+01  8.387E-02 
3.013E+03   9.084E+01  8.329E-02 
3.038E+03   9.049E+01  8.272E-02 
3.063E+03   9.014E+01  8.215E-02 
3.089E+03   8.979E+01  8.159E-02 
3.114E+03   8.944E+01  8.103E-02 
3.140E+03   8.910E+01  8.047E-02 
3.166E+03   8.875E+01  7.992E-02 
3.193E+03   8.840E+01  7.937E-02 
3.219E+03   8.806E+01  7.882E-02 
3.246E+03   8.771E+01  7.828E-02 
3.273E+03   8.736E+01  7.774E-02 
3.301E+03   8.702E+01  7.720E-02 
3.328E+03   8.668E+01  7.667E-02 
3.356E+03   8.633E+01  7.614E-02 
3.384E+03   8.599E+01  7.562E-02 
3.412E+03   8.565E+01  7.510E-02 
3.441E+03   8.531E+01  7.458E-02 
3.469E+03   8.497E+01  7.406E-02 
3.498E+03   8.463E+01  7.355E-02 
3.527E+03   8.429E+01  7.305E-02 
3.557E+03   8.395E+01  7.254E-02 
3.586E+03   8.361E+01  7.204E-02 
3.616E+03   8.328E+01  7.154E-02 
3.646E+03   8.294E+01  7.105E-02 
3.677E+03   8.260E+01  7.056E-02 
3.707E+03   8.227E+01  7.007E-02 
3.738E+03   8.193E+01  6.958E-02 
3.770E+03   8.160E+01  6.910E-02 
3.801E+03   8.127E+01  6.862E-02 
3.833E+03   8.093E+01  6.815E-02 
3.865E+03   8.060E+01  6.768E-02 
3.897E+03   8.027E+01  6.721E-02 
3.929E+03   7.994E+01  6.674E-02 
3.962E+03   7.961E+01  6.628E-02 
3.995E+03   7.928E+01  6.582E-02 
4.028E+03   7.896E+01  6.536E-02 
4.062E+03   7.863E+01  6.491E-02 
4.096E+03   7.830E+01  6.446E-02 
4.130E+03   7.798E+01  6.401E-02 
4.164E+03   7.765E+01  6.357E-02 
4.199E+03   7.733E+01  6.313E-02 
4.234E+03   7.700E+01  6.269E-02 
4.269E+03   7.668E+01  6.225E-02 
4.305E+03   7.636E+01  6.182E-02 
4.341E+03   7.604E+01  6.139E-02 
4.377E+03   7.572E+01  6.097E-02 
4.414E+03   7.540E+01  6.054E-02 
4.450E+03   7.508E+01  6.012E-02 
4.488E+03   7.476E+01  5.970E-02 
4.525E+03   7.444E+01  5.929E-02 
4.563E+03   7.413E+01  5.887E-02 
4.601E+03   7.381E+01  5.846E-02 
4.639E+03   7.350E+01  5.806E-02 
4.678E+03   7.318E+01  5.765E-02 
4.717E+03   7.287E+01  5.725E-02 
4.756E+03   7.256E+01  5.685E-02 
4.796E+03   7.224E+01  5.646E-02 
4.836E+03   7.193E+01  5.606E-02 
4.876E+03   7.162E+01  5.567E-02 
4.917E+03   7.131E+01  5.528E-02 
4.958E+03   7.101E+01  5.490E-02 
4.999E+03   7.070E+01  5.451E-02 
5.041E+03   7.039E+01  5.413E-02 
5.083E+03   7.008E+01  5.376E-02 
5.125E+03   6.978E+01  5.338E-02 
5.168E+03   6.947E+01  5.301E-02 
5.211E+03   6.917E+01  5.264E-02 
5.254E+03   6.887E+01  5.227E-02 
5.298E+03   6.856E+01  5.190E-02 
5.342E+03   6.826E+01  5.154E-02 
5.387E+03   6.796E+01  5.118E-02 
5.432E+03   6.766E+01  5.082E-02 
5.477E+03   6.736E+01  5.047E-02 
5.523E+03   6.706E+01  5.011E-02 
5.569E+03   6.677E+01  4.976E-02 
5.615E+03   6.647E+01  4.941E-02 
5.662E+03   6.617E+01  4.907E-02 
5.709E+03   6.588E+01  4.872E-02 
5.757E+03   6.559E+01  4.838E-02 
5.805E+03   6.529E+01  4.804E-02 
5.853E+03   6.500E+01  4.771E-02 
5.902E+03   6.471E+01  4.737E-02 
5.951E+03   6.442E+01  4.704E-02 
6.001E+03   6.413E+01  4.671E-02 
6.051E+03   6.384E+01  4.638E-02 
6.101E+03   6.355E+01  4.606E-02 
6.152E+03   6.326E+01  4.573E-02 
6.203E+03   6.297E+01  4.541E-02 
6.255E+03   6.269E+01  4.509E-02 
6.307E+03   6.240E+01  4.478E-02 
6.360E+03   6.212E+01  4.446E-02 
6.413E+03   6.184E+01  4.415E-02 
6.466E+03   6.155E+01  4.384E-02 
6.520E+03   6.127E+01  4.353E-02 
6.575E+03   6.099E+01  4.323E-02 
6.629E+03   6.071E+01  4.292E-02 
6.685E+03   6.043E+01  4.262E-02 
6.740E+03   6.015E+01  4.232E-02 
6.797E+03   5.988E+01  4.202E-02 
6.853E+03   5.960E+01  4.173E-02 
6.910E+03   5.932E+01  4.143E-02 
6.968E+03   5.905E+01  4.114E-02 
7.026E+03   5.877E+01  4.085E-02 
7.085E+03   5.850E+01  4.056E-02 
7.144E+03   5.823E+01  4.028E-02 
7.203E+03   5.796E+01  3.999E-02 
7.263E+03   5.768E+01  3.971E-02 
7.324E+03   5.741E+01  3.943E-02 
7.385E+03   5.715E+01  3.915E-02 
7.447E+03   5.688E+01  3.888E-02 
7.509E+03   5.661E+01  3.860E-02 
7.571E+03   5.634E+01  3.833E-02 
7.634E+03   5.608E+01  3.806E-02 
7.698E+03   5.581E+01  3.779E-02 
7.762E+03   5.555E+01  3.752E-02 
7.827E+03   5.528E+01  3.726E-02 
7.892E+03   5.502E+01  3.700E-02 
7.958E+03   5.476E+01  3.673E-02 
8.024E+03   5.450E+01  3.648E-02 
8.091E+03   5.424E+01  3.622E-02 
8.159E+03   5.398E+01  3.596E-02 
8.227E+03   5.372E+01  3.571E-02 
8.295E+03   5.347E+01  3.545E-02 
8.364E+03   5.321E+01  3.520E-02 
8.434E+03   5.295E+01  3.495E-02 
8.504E+03   5.270E+01  3.471E-02 
8.575E+03   5.244E+01  3.446E-02 
8.647E+03   5.219E+01  3.422E-02 
8.719E+03   5.194E+01  3.397E-02 
8.792E+03   5.169E+01  3.373E-02 
8.865E+03   5.144E+01  3.350E-02 
8.939E+03   5.119E+01  3.326E-02 
9.013E+03   5.094E+01  3.302E-02 
9.088E+03   5.069E+01  3.279E-02 
9.164E+03   5.044E+01  3.256E-02 
9.241E+03   5.020E+01  3.232E-02 
9.318E+03   4.995E+01  3.210E-02 
9.395E+03   4.971E+01  3.187E-02 
9.474E+03   4.946E+01  3.164E-02 
9.553E+03   4.922E+01  3.142E-02 
9.632E+03   4.898E+01  3.119E-02 
9.713E+03   4.874E+01  3.097E-02 
9.794E+03   4.850E+01  3.075E-02 
9.875E+03   4.826E+01  3.053E-02 
9.958E+03   4.802E+01  3.032E-02 
1.004E+04   4.778E+01  3.010E-02 
1.012E+04   4.754E+01  2.989E-02 
1.021E+04   4.731E+01  2.968E-02 
1.029E+04   4.707E+01  2.946E-02 
1.038E+04   4.684E+01  2.926E-02 
1.047E+04   4.660E+01  2.905E-02 
1.055E+04   4.637E+01  2.884E-02 
1.064E+04   4.614E+01  2.864E-02 
1.073E+04   4.591E+01  2.843E-02 
1.082E+04   4.568E+01  2.823E-02 
1.091E+04   4.545E+01  2.803E-02 
1.100E+04   4.522E+01  2.783E-02 
1.109E+04   4.499E+01  2.763E-02 
1.118E+04   4.477E+01  2.743E-02 
1.128E+04   4.454E+01  2.724E-02 
1.137E+04   4.432E+01  2.704E-02 
1.147E+04   4.409E+01  2.685E-02 
1.156E+04   4.387E+01  2.666E-02 
1.166E+04   4.364E+01  2.647E-02 
1.176E+04   4.342E+01  2.628E-02 
1.185E+04   4.320E+01  2.609E-02 
1.195E+04   4.298E+01  2.591E-02 
1.205E+04   4.276E+01  2.572E-02 
1.215E+04   4.254E+01  2.554E-02 
1.225E+04   4.233E+01  2.536E-02 
1.236E+04   4.211E+01  2.518E-02 
1.246E+04   4.189E+01  2.500E-02 
1.256E+04   4.168E+01  2.482E-02 
1.267E+04   4.146E+01  2.464E-02 
1.277E+04   4.125E+01  2.446E-02 
1.288E+04   4.104E+01  2.429E-02 
1.299E+04   4.083E+01  2.412E-02 
1.310E+04   4.062E+01  2.394E-02 
1.321E+04   4.041E+01  2.377E-02 
1.332E+04   4.020E+01  2.360E-02 
1.343E+04   3.999E+01  2.343E-02 
1.354E+04   3.978E+01  2.327E-02 
1.365E+04   3.957E+01  2.310E-02 
1.376E+04   3.937E+01  2.293E-02 
1.388E+04   3.916E+01  2.277E-02 
1.400E+04   3.896E+01  2.261E-02 
1.411E+04   3.876E+01  2.245E-02 
1.423E+04   3.855E+01  2.228E-02 
1.435E+04   3.835E+01  2.212E-02 
1.447E+04   3.815E+01  2.197E-02 
1.459E+04   3.795E+01  2.181E-02 
1.471E+04   3.775E+01  2.165E-02 
1.483E+04   3.755E+01  2.150E-02 
1.496E+04   3.735E+01  2.134E-02 
1.508E+04   3.716E+01  2.119E-02 
1.521E+04   3.696E+01  2.104E-02 
1.533E+04   3.677E+01  2.089E-02 
1.546E+04   3.657E+01  2.074E-02 
1.559E+04   3.638E+01  2.059E-02 
1.572E+04   3.619E+01  2.044E-02 
1.585E+04   3.599E+01  2.029E-02 
1.598E+04   3.580E+01  2.015E-02 
1.612E+04   3.561E+01  2.000E-02 
1.625E+04   3.542E+01  1.986E-02 
1.639E+04   3.523E+01  1.972E-02 
1.652E+04   3.505E+01  1.958E-02 
1.666E+04   3.486E+01  1.944E-02 
1.680E+04   3.467E+01  1.930E-02 
1.694E+04   3.449E+01  1.916E-02 
1.708E+04   3.430E+01  1.902E-02 
1.722E+04   3.412E+01  1.888E-02 
1.737E+04   3.393E+01  1.875E-02 
1.751E+04   3.375E+01  1.861E-02 
1.766E+04   3.357E+01  1.848E-02 
1.781E+04   3.339E+01  1.835E-02 
1.795E+04   3.321E+01  1.821E-02 
1.810E+04   3.303E+01  1.808E-02 
1.825E+04   3.285E+01  1.795E-02 
1.841E+04   3.267E+01  1.782E-02 
1.856E+04   3.250E+01  1.770E-02 
1.871E+04   3.232E+01  1.757E-02 
1.887E+04   3.214E+01  1.744E-02 
1.903E+04   3.197E+01  1.732E-02 
1.919E+04   3.180E+01  1.719E-02 
1.935E+04   3.162E+01  1.707E-02 
1.951E+04   3.145E+01  1.694E-02 
1.967E+04   3.128E+01  1.682E-02 
1.983E+04   3.111E+01  1.670E-02 
2.000E+04   3.094E+01  1.658E-02 
