Ion = Hydrogen    , Mass = 1.008
Tgt = Ta (Solid), Density = 16.601 g/cm3
Stopping Units = MeV/mm       
Energy(keV)  S(Elec)    S(Nuc)
5.000E+00   5.802E+01  1.496E+00 
5.042E+00   5.823E+01  1.495E+00 
5.084E+00   5.845E+01  1.494E+00 
5.126E+00   5.866E+01  1.492E+00 
5.169E+00   5.888E+01  1.491E+00 
5.212E+00   5.910E+01  1.490E+00 
5.255E+00   5.931E+01  1.489E+00 
5.299E+00   5.953E+01  1.487E+00 
5.343E+00   5.975E+01  1.486E+00 
5.388E+00   5.997E+01  1.484E+00 
5.433E+00   6.019E+01  1.483E+00 
5.478E+00   6.041E+01  1.482E+00 
5.524E+00   6.064E+01  1.480E+00 
5.570E+00   6.086E+01  1.479E+00 
5.616E+00   6.109E+01  1.477E+00 
5.663E+00   6.131E+01  1.476E+00 
5.710E+00   6.154E+01  1.474E+00 
5.758E+00   6.177E+01  1.473E+00 
5.806E+00   6.200E+01  1.471E+00 
5.854E+00   6.222E+01  1.470E+00 
5.903E+00   6.246E+01  1.468E+00 
5.952E+00   6.269E+01  1.467E+00 
6.002E+00   6.292E+01  1.465E+00 
6.052E+00   6.315E+01  1.464E+00 
6.102E+00   6.338E+01  1.462E+00 
6.153E+00   6.362E+01  1.460E+00 
6.205E+00   6.386E+01  1.459E+00 
6.256E+00   6.409E+01  1.457E+00 
6.309E+00   6.433E+01  1.455E+00 
6.361E+00   6.457E+01  1.454E+00 
6.414E+00   6.481E+01  1.452E+00 
6.468E+00   6.505E+01  1.450E+00 
6.522E+00   6.529E+01  1.448E+00 
6.576E+00   6.553E+01  1.447E+00 
6.631E+00   6.578E+01  1.445E+00 
6.686E+00   6.602E+01  1.443E+00 
6.742E+00   6.627E+01  1.441E+00 
6.798E+00   6.651E+01  1.440E+00 
6.855E+00   6.676E+01  1.438E+00 
6.912E+00   6.701E+01  1.436E+00 
6.969E+00   6.725E+01  1.434E+00 
7.028E+00   6.751E+01  1.432E+00 
7.086E+00   6.776E+01  1.430E+00 
7.145E+00   6.801E+01  1.428E+00 
7.205E+00   6.826E+01  1.426E+00 
7.265E+00   6.852E+01  1.424E+00 
7.325E+00   6.877E+01  1.423E+00 
7.386E+00   6.902E+01  1.421E+00 
7.448E+00   6.928E+01  1.419E+00 
7.510E+00   6.954E+01  1.417E+00 
7.573E+00   6.980E+01  1.415E+00 
7.636E+00   7.006E+01  1.413E+00 
7.700E+00   7.032E+01  1.410E+00 
7.764E+00   7.058E+01  1.408E+00 
7.828E+00   7.084E+01  1.406E+00 
7.894E+00   7.111E+01  1.404E+00 
7.960E+00   7.138E+01  1.402E+00 
8.026E+00   7.164E+01  1.400E+00 
8.093E+00   7.191E+01  1.398E+00 
8.160E+00   7.218E+01  1.396E+00 
8.228E+00   7.244E+01  1.394E+00 
8.297E+00   7.272E+01  1.391E+00 
8.366E+00   7.299E+01  1.389E+00 
8.436E+00   7.326E+01  1.387E+00 
8.506E+00   7.353E+01  1.385E+00 
8.577E+00   7.381E+01  1.383E+00 
8.649E+00   7.408E+01  1.380E+00 
8.721E+00   7.436E+01  1.378E+00 
8.793E+00   7.464E+01  1.376E+00 
8.867E+00   7.492E+01  1.374E+00 
8.941E+00   7.520E+01  1.371E+00 
9.015E+00   7.548E+01  1.369E+00 
9.090E+00   7.576E+01  1.367E+00 
9.166E+00   7.604E+01  1.364E+00 
9.242E+00   7.632E+01  1.362E+00 
9.320E+00   7.661E+01  1.359E+00 
9.397E+00   7.689E+01  1.357E+00 
9.476E+00   7.718E+01  1.355E+00 
9.555E+00   7.747E+01  1.352E+00 
9.634E+00   7.776E+01  1.350E+00 
9.715E+00   7.805E+01  1.347E+00 
9.796E+00   7.834E+01  1.345E+00 
9.877E+00   7.864E+01  1.343E+00 
9.960E+00   7.893E+01  1.340E+00 
1.004E+01   7.923E+01  1.338E+00 
1.013E+01   7.952E+01  1.335E+00 
1.021E+01   7.982E+01  1.333E+00 
1.030E+01   8.012E+01  1.330E+00 
1.038E+01   8.042E+01  1.327E+00 
1.047E+01   8.072E+01  1.325E+00 
1.056E+01   8.102E+01  1.322E+00 
1.064E+01   8.132E+01  1.320E+00 
1.073E+01   8.162E+01  1.317E+00 
1.082E+01   8.193E+01  1.315E+00 
1.091E+01   8.224E+01  1.312E+00 
1.100E+01   8.255E+01  1.309E+00 
1.110E+01   8.285E+01  1.307E+00 
1.119E+01   8.316E+01  1.304E+00 
1.128E+01   8.347E+01  1.301E+00 
1.137E+01   8.379E+01  1.299E+00 
1.147E+01   8.410E+01  1.296E+00 
1.157E+01   8.441E+01  1.293E+00 
1.166E+01   8.473E+01  1.291E+00 
1.176E+01   8.505E+01  1.288E+00 
1.186E+01   8.537E+01  1.285E+00 
1.196E+01   8.568E+01  1.283E+00 
1.206E+01   8.600E+01  1.280E+00 
1.216E+01   8.633E+01  1.277E+00 
1.226E+01   8.665E+01  1.274E+00 
1.236E+01   8.697E+01  1.271E+00 
1.246E+01   8.730E+01  1.269E+00 
1.257E+01   8.762E+01  1.266E+00 
1.267E+01   8.795E+01  1.263E+00 
1.278E+01   8.828E+01  1.260E+00 
1.288E+01   8.861E+01  1.257E+00 
1.299E+01   8.894E+01  1.255E+00 
1.310E+01   8.927E+01  1.252E+00 
1.321E+01   8.961E+01  1.249E+00 
1.332E+01   8.994E+01  1.246E+00 
1.343E+01   9.028E+01  1.243E+00 
1.354E+01   9.062E+01  1.240E+00 
1.365E+01   9.095E+01  1.237E+00 
1.377E+01   9.129E+01  1.234E+00 
1.388E+01   9.163E+01  1.231E+00 
1.400E+01   9.198E+01  1.228E+00 
1.412E+01   9.232E+01  1.226E+00 
1.423E+01   9.267E+01  1.223E+00 
1.435E+01   9.301E+01  1.220E+00 
1.447E+01   9.336E+01  1.217E+00 
1.459E+01   9.371E+01  1.214E+00 
1.471E+01   9.405E+01  1.211E+00 
1.484E+01   9.441E+01  1.208E+00 
1.496E+01   9.476E+01  1.205E+00 
1.508E+01   9.511E+01  1.202E+00 
1.521E+01   9.546E+01  1.199E+00 
1.534E+01   9.582E+01  1.196E+00 
1.547E+01   9.618E+01  1.193E+00 
1.559E+01   9.654E+01  1.190E+00 
1.572E+01   9.690E+01  1.186E+00 
1.586E+01   9.726E+01  1.183E+00 
1.599E+01   9.762E+01  1.180E+00 
1.612E+01   9.798E+01  1.177E+00 
1.626E+01   9.835E+01  1.174E+00 
1.639E+01   9.871E+01  1.171E+00 
1.653E+01   9.908E+01  1.168E+00 
1.666E+01   9.945E+01  1.165E+00 
1.680E+01   9.981E+01  1.162E+00 
1.694E+01   1.002E+02  1.159E+00 
1.709E+01   1.006E+02  1.156E+00 
1.723E+01   1.009E+02  1.152E+00 
1.737E+01   1.013E+02  1.149E+00 
1.752E+01   1.017E+02  1.146E+00 
1.766E+01   1.021E+02  1.143E+00 
1.781E+01   1.024E+02  1.140E+00 
1.796E+01   1.028E+02  1.137E+00 
1.811E+01   1.032E+02  1.134E+00 
1.826E+01   1.036E+02  1.130E+00 
1.841E+01   1.040E+02  1.127E+00 
1.856E+01   1.043E+02  1.124E+00 
1.872E+01   1.047E+02  1.121E+00 
1.888E+01   1.051E+02  1.118E+00 
1.903E+01   1.055E+02  1.114E+00 
1.919E+01   1.059E+02  1.111E+00 
1.935E+01   1.063E+02  1.108E+00 
1.951E+01   1.067E+02  1.105E+00 
1.968E+01   1.071E+02  1.102E+00 
1.984E+01   1.075E+02  1.098E+00 
2.000E+01   1.079E+02  1.095E+00 
2.017E+01   1.083E+02  1.092E+00 
2.034E+01   1.087E+02  1.089E+00 
2.051E+01   1.091E+02  1.085E+00 
2.068E+01   1.095E+02  1.082E+00 
2.085E+01   1.099E+02  1.079E+00 
2.103E+01   1.103E+02  1.076E+00 
2.120E+01   1.107E+02  1.072E+00 
2.138E+01   1.111E+02  1.069E+00 
2.156E+01   1.115E+02  1.066E+00 
2.174E+01   1.119E+02  1.063E+00 
2.192E+01   1.123E+02  1.059E+00 
2.210E+01   1.127E+02  1.056E+00 
2.228E+01   1.131E+02  1.053E+00 
2.247E+01   1.135E+02  1.049E+00 
2.266E+01   1.140E+02  1.046E+00 
2.285E+01   1.144E+02  1.043E+00 
2.304E+01   1.148E+02  1.040E+00 
2.323E+01   1.152E+02  1.036E+00 
2.342E+01   1.156E+02  1.033E+00 
2.362E+01   1.160E+02  1.030E+00 
2.381E+01   1.165E+02  1.026E+00 
2.401E+01   1.169E+02  1.023E+00 
2.421E+01   1.173E+02  1.020E+00 
2.442E+01   1.177E+02  1.016E+00 
2.462E+01   1.182E+02  1.013E+00 
2.482E+01   1.186E+02  1.010E+00 
2.503E+01   1.190E+02  1.007E+00 
2.524E+01   1.195E+02  1.003E+00 
2.545E+01   1.199E+02  9.999E-01 
2.566E+01   1.203E+02  9.966E-01 
2.588E+01   1.208E+02  9.933E-01 
2.609E+01   1.212E+02  9.900E-01 
2.631E+01   1.216E+02  9.867E-01 
2.653E+01   1.221E+02  9.833E-01 
2.675E+01   1.225E+02  9.800E-01 
2.697E+01   1.229E+02  9.767E-01 
2.720E+01   1.234E+02  9.734E-01 
2.742E+01   1.238E+02  9.700E-01 
2.765E+01   1.243E+02  9.667E-01 
2.788E+01   1.247E+02  9.634E-01 
2.812E+01   1.252E+02  9.601E-01 
2.835E+01   1.256E+02  9.567E-01 
2.859E+01   1.260E+02  9.534E-01 
2.883E+01   1.265E+02  9.501E-01 
2.907E+01   1.269E+02  9.468E-01 
2.931E+01   1.274E+02  9.434E-01 
2.955E+01   1.278E+02  9.401E-01 
2.980E+01   1.283E+02  9.368E-01 
3.005E+01   1.287E+02  9.335E-01 
3.030E+01   1.292E+02  9.301E-01 
3.055E+01   1.297E+02  9.268E-01 
3.080E+01   1.301E+02  9.235E-01 
3.106E+01   1.306E+02  9.202E-01 
3.132E+01   1.310E+02  9.168E-01 
3.158E+01   1.315E+02  9.135E-01 
3.184E+01   1.319E+02  9.102E-01 
3.211E+01   1.324E+02  9.069E-01 
3.238E+01   1.329E+02  9.036E-01 
3.265E+01   1.333E+02  9.003E-01 
3.292E+01   1.338E+02  8.969E-01 
3.319E+01   1.343E+02  8.936E-01 
3.347E+01   1.347E+02  8.903E-01 
3.375E+01   1.352E+02  8.870E-01 
3.403E+01   1.357E+02  8.837E-01 
3.432E+01   1.361E+02  8.804E-01 
3.460E+01   1.366E+02  8.771E-01 
3.489E+01   1.371E+02  8.738E-01 
3.518E+01   1.375E+02  8.705E-01 
3.547E+01   1.380E+02  8.672E-01 
3.577E+01   1.385E+02  8.639E-01 
3.607E+01   1.389E+02  8.606E-01 
3.637E+01   1.394E+02  8.574E-01 
3.667E+01   1.399E+02  8.541E-01 
3.698E+01   1.404E+02  8.508E-01 
3.729E+01   1.408E+02  8.475E-01 
3.760E+01   1.413E+02  8.443E-01 
3.791E+01   1.418E+02  8.410E-01 
3.823E+01   1.423E+02  8.377E-01 
3.855E+01   1.427E+02  8.344E-01 
3.887E+01   1.432E+02  8.312E-01 
3.919E+01   1.437E+02  8.279E-01 
3.952E+01   1.442E+02  8.247E-01 
3.985E+01   1.447E+02  8.214E-01 
4.018E+01   1.451E+02  8.182E-01 
4.051E+01   1.456E+02  8.149E-01 
4.085E+01   1.461E+02  8.117E-01 
4.119E+01   1.466E+02  8.085E-01 
4.154E+01   1.470E+02  8.052E-01 
4.188E+01   1.475E+02  8.020E-01 
4.223E+01   1.480E+02  7.988E-01 
4.258E+01   1.485E+02  7.956E-01 
4.294E+01   1.490E+02  7.923E-01 
4.330E+01   1.495E+02  7.891E-01 
4.366E+01   1.499E+02  7.859E-01 
4.402E+01   1.504E+02  7.827E-01 
4.439E+01   1.509E+02  7.795E-01 
4.476E+01   1.514E+02  7.763E-01 
4.513E+01   1.519E+02  7.732E-01 
4.551E+01   1.523E+02  7.700E-01 
4.589E+01   1.528E+02  7.668E-01 
4.627E+01   1.533E+02  7.636E-01 
4.666E+01   1.538E+02  7.605E-01 
4.704E+01   1.543E+02  7.573E-01 
4.744E+01   1.547E+02  7.541E-01 
4.783E+01   1.552E+02  7.510E-01 
4.823E+01   1.557E+02  7.478E-01 
4.863E+01   1.562E+02  7.447E-01 
4.904E+01   1.567E+02  7.416E-01 
4.945E+01   1.571E+02  7.384E-01 
4.986E+01   1.576E+02  7.353E-01 
5.027E+01   1.581E+02  7.322E-01 
5.069E+01   1.586E+02  7.291E-01 
5.112E+01   1.591E+02  7.260E-01 
5.154E+01   1.595E+02  7.229E-01 
5.197E+01   1.600E+02  7.198E-01 
5.241E+01   1.605E+02  7.167E-01 
5.284E+01   1.610E+02  7.136E-01 
5.328E+01   1.614E+02  7.105E-01 
5.373E+01   1.619E+02  7.074E-01 
5.418E+01   1.624E+02  7.044E-01 
5.463E+01   1.629E+02  7.013E-01 
5.508E+01   1.633E+02  6.983E-01 
5.554E+01   1.638E+02  6.952E-01 
5.600E+01   1.643E+02  6.922E-01 
5.647E+01   1.647E+02  6.891E-01 
5.694E+01   1.652E+02  6.861E-01 
5.742E+01   1.657E+02  6.831E-01 
5.790E+01   1.661E+02  6.801E-01 
5.838E+01   1.666E+02  6.771E-01 
5.886E+01   1.671E+02  6.741E-01 
5.936E+01   1.675E+02  6.711E-01 
5.985E+01   1.680E+02  6.681E-01 
6.035E+01   1.684E+02  6.651E-01 
6.085E+01   1.689E+02  6.621E-01 
6.136E+01   1.693E+02  6.592E-01 
6.187E+01   1.698E+02  6.562E-01 
6.239E+01   1.703E+02  6.532E-01 
6.291E+01   1.707E+02  6.503E-01 
6.343E+01   1.711E+02  6.474E-01 
6.396E+01   1.716E+02  6.444E-01 
6.449E+01   1.720E+02  6.415E-01 
6.503E+01   1.725E+02  6.386E-01 
6.557E+01   1.729E+02  6.357E-01 
6.612E+01   1.734E+02  6.328E-01 
6.667E+01   1.738E+02  6.299E-01 
6.723E+01   1.742E+02  6.270E-01 
6.779E+01   1.747E+02  6.241E-01 
6.835E+01   1.751E+02  6.212E-01 
6.892E+01   1.755E+02  6.183E-01 
6.950E+01   1.759E+02  6.155E-01 
7.008E+01   1.764E+02  6.126E-01 
7.066E+01   1.768E+02  6.098E-01 
7.125E+01   1.772E+02  6.070E-01 
7.184E+01   1.776E+02  6.041E-01 
7.244E+01   1.780E+02  6.013E-01 
7.305E+01   1.784E+02  5.985E-01 
7.366E+01   1.788E+02  5.957E-01 
7.427E+01   1.792E+02  5.929E-01 
7.489E+01   1.796E+02  5.901E-01 
7.551E+01   1.800E+02  5.873E-01 
7.614E+01   1.804E+02  5.845E-01 
7.678E+01   1.808E+02  5.818E-01 
7.742E+01   1.812E+02  5.790E-01 
7.806E+01   1.816E+02  5.763E-01 
7.871E+01   1.820E+02  5.735E-01 
7.937E+01   1.823E+02  5.708E-01 
8.003E+01   1.827E+02  5.680E-01 
8.070E+01   1.831E+02  5.653E-01 
8.137E+01   1.834E+02  5.626E-01 
8.205E+01   1.838E+02  5.599E-01 
8.273E+01   1.842E+02  5.572E-01 
8.342E+01   1.845E+02  5.545E-01 
8.412E+01   1.849E+02  5.519E-01 
8.482E+01   1.852E+02  5.492E-01 
8.553E+01   1.855E+02  5.465E-01 
8.624E+01   1.859E+02  5.439E-01 
8.696E+01   1.862E+02  5.412E-01 
8.769E+01   1.865E+02  5.386E-01 
8.842E+01   1.869E+02  5.360E-01 
8.915E+01   1.872E+02  5.333E-01 
8.990E+01   1.875E+02  5.307E-01 
9.065E+01   1.878E+02  5.281E-01 
9.140E+01   1.881E+02  5.255E-01 
9.216E+01   1.884E+02  5.229E-01 
9.293E+01   1.887E+02  5.203E-01 
9.371E+01   1.890E+02  5.178E-01 
9.449E+01   1.893E+02  5.152E-01 
9.528E+01   1.896E+02  5.127E-01 
9.607E+01   1.898E+02  5.101E-01 
9.687E+01   1.901E+02  5.076E-01 
9.768E+01   1.904E+02  5.051E-01 
9.849E+01   1.906E+02  5.025E-01 
9.931E+01   1.909E+02  5.000E-01 
1.001E+02   1.911E+02  4.975E-01 
1.010E+02   1.914E+02  4.950E-01 
1.018E+02   1.916E+02  4.925E-01 
1.027E+02   1.919E+02  4.901E-01 
1.035E+02   1.921E+02  4.876E-01 
1.044E+02   1.923E+02  4.851E-01 
1.053E+02   1.925E+02  4.827E-01 
1.061E+02   1.927E+02  4.802E-01 
1.070E+02   1.929E+02  4.778E-01 
1.079E+02   1.931E+02  4.754E-01 
1.088E+02   1.933E+02  4.730E-01 
1.097E+02   1.935E+02  4.705E-01 
1.106E+02   1.937E+02  4.681E-01 
1.116E+02   1.939E+02  4.657E-01 
1.125E+02   1.940E+02  4.634E-01 
1.134E+02   1.942E+02  4.610E-01 
1.144E+02   1.944E+02  4.586E-01 
1.153E+02   1.945E+02  4.563E-01 
1.163E+02   1.946E+02  4.539E-01 
1.173E+02   1.948E+02  4.516E-01 
1.182E+02   1.949E+02  4.492E-01 
1.192E+02   1.950E+02  4.469E-01 
1.202E+02   1.952E+02  4.446E-01 
1.212E+02   1.953E+02  4.423E-01 
1.222E+02   1.954E+02  4.400E-01 
1.232E+02   1.955E+02  4.377E-01 
1.243E+02   1.956E+02  4.354E-01 
1.253E+02   1.956E+02  4.332E-01 
1.264E+02   1.957E+02  4.309E-01 
1.274E+02   1.958E+02  4.287E-01 
1.285E+02   1.959E+02  4.264E-01 
1.295E+02   1.959E+02  4.242E-01 
1.306E+02   1.960E+02  4.219E-01 
1.317E+02   1.960E+02  4.197E-01 
1.328E+02   1.961E+02  4.175E-01 
1.339E+02   1.961E+02  4.153E-01 
1.350E+02   1.961E+02  4.131E-01 
1.362E+02   1.961E+02  4.109E-01 
1.373E+02   1.961E+02  4.088E-01 
1.384E+02   1.961E+02  4.066E-01 
1.396E+02   1.961E+02  4.044E-01 
1.408E+02   1.961E+02  4.023E-01 
1.419E+02   1.961E+02  4.001E-01 
1.431E+02   1.961E+02  3.980E-01 
1.443E+02   1.961E+02  3.959E-01 
1.455E+02   1.960E+02  3.938E-01 
1.467E+02   1.960E+02  3.917E-01 
1.479E+02   1.959E+02  3.896E-01 
1.492E+02   1.959E+02  3.875E-01 
1.504E+02   1.958E+02  3.854E-01 
1.517E+02   1.957E+02  3.833E-01 
1.529E+02   1.957E+02  3.813E-01 
1.542E+02   1.956E+02  3.792E-01 
1.555E+02   1.955E+02  3.772E-01 
1.568E+02   1.954E+02  3.751E-01 
1.581E+02   1.953E+02  3.731E-01 
1.594E+02   1.952E+02  3.711E-01 
1.607E+02   1.951E+02  3.690E-01 
1.621E+02   1.950E+02  3.670E-01 
1.634E+02   1.948E+02  3.650E-01 
1.648E+02   1.947E+02  3.631E-01 
1.662E+02   1.946E+02  3.611E-01 
1.676E+02   1.944E+02  3.591E-01 
1.690E+02   1.943E+02  3.571E-01 
1.704E+02   1.941E+02  3.552E-01 
1.718E+02   1.939E+02  3.532E-01 
1.732E+02   1.938E+02  3.513E-01 
1.747E+02   1.936E+02  3.494E-01 
1.761E+02   1.934E+02  3.475E-01 
1.776E+02   1.932E+02  3.455E-01 
1.791E+02   1.930E+02  3.436E-01 
1.806E+02   1.928E+02  3.417E-01 
1.821E+02   1.926E+02  3.399E-01 
1.836E+02   1.924E+02  3.380E-01 
1.851E+02   1.922E+02  3.361E-01 
1.867E+02   1.920E+02  3.342E-01 
1.882E+02   1.917E+02  3.324E-01 
1.898E+02   1.915E+02  3.305E-01 
1.914E+02   1.913E+02  3.287E-01 
1.930E+02   1.910E+02  3.269E-01 
1.946E+02   1.908E+02  3.251E-01 
1.962E+02   1.905E+02  3.232E-01 
1.978E+02   1.903E+02  3.214E-01 
1.995E+02   1.900E+02  3.196E-01 
2.011E+02   1.897E+02  3.178E-01 
2.028E+02   1.895E+02  3.161E-01 
2.045E+02   1.892E+02  3.143E-01 
2.062E+02   1.889E+02  3.125E-01 
2.079E+02   1.886E+02  3.108E-01 
2.097E+02   1.883E+02  3.090E-01 
2.114E+02   1.880E+02  3.073E-01 
2.132E+02   1.878E+02  3.055E-01 
2.150E+02   1.874E+02  3.038E-01 
2.167E+02   1.871E+02  3.021E-01 
2.185E+02   1.868E+02  3.004E-01 
2.204E+02   1.865E+02  2.987E-01 
2.222E+02   1.862E+02  2.970E-01 
2.241E+02   1.859E+02  2.953E-01 
2.259E+02   1.855E+02  2.936E-01 
2.278E+02   1.852E+02  2.920E-01 
2.297E+02   1.849E+02  2.903E-01 
2.316E+02   1.845E+02  2.887E-01 
2.336E+02   1.842E+02  2.870E-01 
2.355E+02   1.839E+02  2.854E-01 
2.375E+02   1.835E+02  2.837E-01 
2.394E+02   1.832E+02  2.821E-01 
2.414E+02   1.828E+02  2.805E-01 
2.435E+02   1.825E+02  2.789E-01 
2.455E+02   1.821E+02  2.773E-01 
2.475E+02   1.817E+02  2.757E-01 
2.496E+02   1.814E+02  2.908E-01 
2.517E+02   1.810E+02  2.891E-01 
2.538E+02   1.806E+02  2.874E-01 
2.559E+02   1.803E+02  2.857E-01 
2.580E+02   1.799E+02  2.840E-01 
2.602E+02   1.795E+02  2.824E-01 
2.623E+02   1.791E+02  2.807E-01 
2.645E+02   1.787E+02  2.790E-01 
2.667E+02   1.784E+02  2.774E-01 
2.690E+02   1.780E+02  2.758E-01 
2.712E+02   1.776E+02  2.741E-01 
2.735E+02   1.772E+02  2.725E-01 
2.757E+02   1.768E+02  2.709E-01 
2.780E+02   1.764E+02  2.693E-01 
2.804E+02   1.760E+02  2.677E-01 
2.827E+02   1.756E+02  2.661E-01 
2.851E+02   1.752E+02  2.646E-01 
2.874E+02   1.748E+02  2.630E-01 
2.898E+02   1.744E+02  2.614E-01 
2.922E+02   1.740E+02  2.599E-01 
2.947E+02   1.736E+02  2.583E-01 
2.971E+02   1.732E+02  2.568E-01 
2.996E+02   1.728E+02  2.552E-01 
3.021E+02   1.724E+02  2.537E-01 
3.046E+02   1.719E+02  2.522E-01 
3.072E+02   1.715E+02  2.507E-01 
3.097E+02   1.711E+02  2.492E-01 
3.123E+02   1.707E+02  2.477E-01 
3.149E+02   1.703E+02  2.462E-01 
3.175E+02   1.699E+02  2.447E-01 
3.202E+02   1.694E+02  2.433E-01 
3.229E+02   1.690E+02  2.418E-01 
3.256E+02   1.686E+02  2.403E-01 
3.283E+02   1.682E+02  2.389E-01 
3.310E+02   1.678E+02  2.375E-01 
3.338E+02   1.673E+02  2.360E-01 
3.365E+02   1.669E+02  2.346E-01 
3.394E+02   1.665E+02  2.332E-01 
3.422E+02   1.660E+02  2.318E-01 
3.450E+02   1.656E+02  2.304E-01 
3.479E+02   1.652E+02  2.290E-01 
3.508E+02   1.648E+02  2.276E-01 
3.537E+02   1.643E+02  2.262E-01 
3.567E+02   1.639E+02  2.248E-01 
3.597E+02   1.635E+02  2.235E-01 
3.627E+02   1.630E+02  2.221E-01 
3.657E+02   1.626E+02  2.208E-01 
3.687E+02   1.622E+02  2.194E-01 
3.718E+02   1.617E+02  2.181E-01 
3.749E+02   1.613E+02  2.167E-01 
3.780E+02   1.609E+02  2.154E-01 
3.812E+02   1.604E+02  2.141E-01 
3.844E+02   1.600E+02  2.128E-01 
3.876E+02   1.596E+02  2.115E-01 
3.908E+02   1.591E+02  2.102E-01 
3.940E+02   1.587E+02  2.089E-01 
3.973E+02   1.582E+02  2.076E-01 
4.006E+02   1.578E+02  2.063E-01 
4.040E+02   1.574E+02  2.051E-01 
4.074E+02   1.569E+02  2.038E-01 
4.108E+02   1.565E+02  2.026E-01 
4.142E+02   1.561E+02  2.013E-01 
4.176E+02   1.556E+02  2.001E-01 
4.211E+02   1.552E+02  1.988E-01 
4.246E+02   1.547E+02  1.976E-01 
4.282E+02   1.543E+02  1.964E-01 
4.317E+02   1.539E+02  1.952E-01 
4.353E+02   1.534E+02  1.940E-01 
4.390E+02   1.530E+02  1.928E-01 
4.426E+02   1.525E+02  1.916E-01 
4.463E+02   1.521E+02  1.904E-01 
4.500E+02   1.517E+02  1.892E-01 
4.538E+02   1.512E+02  1.880E-01 
4.576E+02   1.508E+02  1.869E-01 
4.614E+02   1.503E+02  1.857E-01 
4.652E+02   1.499E+02  1.846E-01 
4.691E+02   1.494E+02  1.834E-01 
4.730E+02   1.490E+02  1.823E-01 
4.770E+02   1.486E+02  1.811E-01 
4.809E+02   1.481E+02  1.800E-01 
4.849E+02   1.477E+02  1.789E-01 
4.890E+02   1.472E+02  1.778E-01 
4.931E+02   1.468E+02  1.767E-01 
4.972E+02   1.463E+02  1.755E-01 
5.013E+02   1.459E+02  1.744E-01 
5.055E+02   1.454E+02  1.734E-01 
5.097E+02   1.450E+02  1.723E-01 
5.140E+02   1.446E+02  1.712E-01 
5.182E+02   1.441E+02  1.701E-01 
5.226E+02   1.437E+02  1.690E-01 
5.269E+02   1.432E+02  1.680E-01 
5.313E+02   1.428E+02  1.669E-01 
5.357E+02   1.423E+02  1.659E-01 
5.402E+02   1.419E+02  1.648E-01 
5.447E+02   1.414E+02  1.638E-01 
5.493E+02   1.410E+02  1.628E-01 
5.538E+02   1.406E+02  1.617E-01 
5.585E+02   1.401E+02  1.607E-01 
5.631E+02   1.397E+02  1.597E-01 
5.678E+02   1.392E+02  1.587E-01 
5.725E+02   1.388E+02  1.577E-01 
5.773E+02   1.383E+02  1.567E-01 
5.821E+02   1.379E+02  1.557E-01 
5.870E+02   1.374E+02  1.547E-01 
5.919E+02   1.370E+02  1.537E-01 
5.968E+02   1.365E+02  1.528E-01 
6.018E+02   1.361E+02  1.518E-01 
6.068E+02   1.357E+02  1.508E-01 
6.119E+02   1.352E+02  1.499E-01 
6.170E+02   1.348E+02  1.489E-01 
6.221E+02   1.343E+02  1.480E-01 
6.273E+02   1.339E+02  1.470E-01 
6.325E+02   1.334E+02  1.461E-01 
6.378E+02   1.330E+02  1.452E-01 
6.431E+02   1.325E+02  1.442E-01 
6.485E+02   1.321E+02  1.433E-01 
6.539E+02   1.316E+02  1.424E-01 
6.593E+02   1.312E+02  1.415E-01 
6.648E+02   1.307E+02  1.406E-01 
6.704E+02   1.303E+02  1.397E-01 
6.760E+02   1.299E+02  1.388E-01 
6.816E+02   1.294E+02  1.379E-01 
6.873E+02   1.290E+02  1.370E-01 
6.930E+02   1.285E+02  1.362E-01 
6.988E+02   1.281E+02  1.353E-01 
7.046E+02   1.276E+02  1.344E-01 
7.105E+02   1.272E+02  1.336E-01 
7.164E+02   1.267E+02  1.327E-01 
7.224E+02   1.263E+02  1.319E-01 
7.284E+02   1.258E+02  1.310E-01 
7.345E+02   1.254E+02  1.302E-01 
7.406E+02   1.249E+02  1.293E-01 
7.468E+02   1.245E+02  1.285E-01 
7.530E+02   1.241E+02  1.277E-01 
7.593E+02   1.236E+02  1.268E-01 
7.656E+02   1.232E+02  1.260E-01 
7.720E+02   1.227E+02  1.252E-01 
7.784E+02   1.223E+02  1.244E-01 
7.849E+02   1.218E+02  1.236E-01 
7.915E+02   1.214E+02  1.228E-01 
7.981E+02   1.209E+02  1.220E-01 
8.047E+02   1.205E+02  1.212E-01 
8.114E+02   1.200E+02  1.204E-01 
8.182E+02   1.196E+02  1.197E-01 
8.250E+02   1.192E+02  1.189E-01 
8.319E+02   1.187E+02  1.181E-01 
8.388E+02   1.183E+02  1.173E-01 
8.458E+02   1.178E+02  1.166E-01 
8.529E+02   1.174E+02  1.158E-01 
8.600E+02   1.169E+02  1.151E-01 
8.671E+02   1.165E+02  1.143E-01 
8.744E+02   1.161E+02  1.136E-01 
8.817E+02   1.156E+02  1.129E-01 
8.890E+02   1.152E+02  1.121E-01 
8.964E+02   1.147E+02  1.114E-01 
9.039E+02   1.143E+02  1.107E-01 
9.114E+02   1.138E+02  1.099E-01 
9.190E+02   1.134E+02  1.092E-01 
9.267E+02   1.130E+02  1.085E-01 
9.344E+02   1.125E+02  1.078E-01 
9.422E+02   1.121E+02  1.071E-01 
9.501E+02   1.116E+02  1.064E-01 
9.580E+02   1.112E+02  1.057E-01 
9.660E+02   1.108E+02  1.050E-01 
9.740E+02   1.103E+02  1.043E-01 
9.821E+02   1.099E+02  1.037E-01 
9.903E+02   1.094E+02  1.030E-01 
9.986E+02   1.090E+02  1.023E-01 
1.007E+03   1.086E+02  1.016E-01 
1.015E+03   1.082E+02  1.010E-01 
1.024E+03   1.079E+02  1.003E-01 
1.032E+03   1.075E+02  9.964E-02 
1.041E+03   1.072E+02  9.899E-02 
1.050E+03   1.068E+02  9.834E-02 
1.058E+03   1.065E+02  9.769E-02 
1.067E+03   1.061E+02  9.705E-02 
1.076E+03   1.057E+02  9.641E-02 
1.085E+03   1.054E+02  9.578E-02 
1.094E+03   1.050E+02  9.515E-02 
1.103E+03   1.046E+02  9.452E-02 
1.112E+03   1.043E+02  9.390E-02 
1.122E+03   1.039E+02  9.328E-02 
1.131E+03   1.035E+02  9.267E-02 
1.140E+03   1.031E+02  9.206E-02 
1.150E+03   1.027E+02  9.145E-02 
1.160E+03   1.023E+02  9.085E-02 
1.169E+03   1.020E+02  9.025E-02 
1.179E+03   1.016E+02  8.965E-02 
1.189E+03   1.012E+02  8.906E-02 
1.199E+03   1.008E+02  8.847E-02 
1.209E+03   1.003E+02  8.789E-02 
1.219E+03   9.998E+01  8.730E-02 
1.229E+03   9.962E+01  8.673E-02 
1.239E+03   9.926E+01  8.615E-02 
1.250E+03   9.890E+01  8.558E-02 
1.260E+03   9.854E+01  8.502E-02 
1.270E+03   9.818E+01  8.445E-02 
1.281E+03   9.782E+01  8.389E-02 
1.292E+03   9.746E+01  8.334E-02 
1.302E+03   9.710E+01  8.278E-02 
1.313E+03   9.674E+01  8.223E-02 
1.324E+03   9.638E+01  8.169E-02 
1.335E+03   9.603E+01  8.114E-02 
1.346E+03   9.567E+01  8.060E-02 
1.358E+03   9.531E+01  8.007E-02 
1.369E+03   9.496E+01  7.954E-02 
1.380E+03   9.460E+01  7.901E-02 
1.392E+03   9.424E+01  7.848E-02 
1.404E+03   9.389E+01  7.796E-02 
1.415E+03   9.353E+01  7.744E-02 
1.427E+03   9.318E+01  7.692E-02 
1.439E+03   9.283E+01  7.641E-02 
1.451E+03   9.247E+01  7.590E-02 
1.463E+03   9.212E+01  7.539E-02 
1.475E+03   9.177E+01  7.489E-02 
1.487E+03   9.142E+01  7.439E-02 
1.500E+03   9.106E+01  7.389E-02 
1.512E+03   9.071E+01  7.340E-02 
1.525E+03   9.036E+01  7.291E-02 
1.538E+03   9.001E+01  7.242E-02 
1.551E+03   8.966E+01  7.194E-02 
1.563E+03   8.932E+01  7.145E-02 
1.577E+03   8.897E+01  7.098E-02 
1.590E+03   8.862E+01  7.050E-02 
1.603E+03   8.827E+01  7.003E-02 
1.616E+03   8.793E+01  6.956E-02 
1.630E+03   8.758E+01  6.909E-02 
1.643E+03   8.724E+01  6.863E-02 
1.657E+03   8.689E+01  6.817E-02 
1.671E+03   8.655E+01  6.771E-02 
1.685E+03   8.621E+01  6.726E-02 
1.699E+03   8.587E+01  6.680E-02 
1.713E+03   8.552E+01  6.636E-02 
1.727E+03   8.518E+01  6.591E-02 
1.742E+03   8.484E+01  6.547E-02 
1.756E+03   8.450E+01  6.503E-02 
1.771E+03   8.416E+01  6.459E-02 
1.786E+03   8.383E+01  6.415E-02 
1.800E+03   8.349E+01  6.372E-02 
1.815E+03   8.315E+01  6.329E-02 
1.831E+03   8.281E+01  6.287E-02 
1.846E+03   8.248E+01  6.244E-02 
1.861E+03   8.214E+01  6.202E-02 
1.877E+03   8.181E+01  6.160E-02 
1.892E+03   8.148E+01  6.119E-02 
1.908E+03   8.114E+01  6.077E-02 
1.924E+03   8.081E+01  6.036E-02 
1.940E+03   8.048E+01  5.995E-02 
1.956E+03   8.015E+01  5.955E-02 
1.973E+03   7.982E+01  5.915E-02 
1.989E+03   7.949E+01  5.875E-02 
2.006E+03   7.916E+01  5.835E-02 
2.022E+03   7.884E+01  5.795E-02 
2.039E+03   7.851E+01  5.756E-02 
2.056E+03   7.818E+01  5.717E-02 
2.073E+03   7.786E+01  5.679E-02 
2.091E+03   7.753E+01  5.640E-02 
2.108E+03   7.721E+01  5.602E-02 
2.126E+03   7.689E+01  5.564E-02 
2.143E+03   7.656E+01  5.526E-02 
2.161E+03   7.624E+01  5.489E-02 
2.179E+03   7.592E+01  5.451E-02 
2.197E+03   7.560E+01  5.414E-02 
2.216E+03   7.528E+01  5.378E-02 
2.234E+03   7.496E+01  5.341E-02 
2.253E+03   7.464E+01  5.305E-02 
2.272E+03   7.433E+01  5.269E-02 
2.291E+03   7.401E+01  5.233E-02 
2.310E+03   7.370E+01  5.197E-02 
2.329E+03   7.338E+01  5.162E-02 
2.348E+03   7.307E+01  5.127E-02 
2.368E+03   7.275E+01  5.092E-02 
2.388E+03   7.244E+01  5.057E-02 
2.408E+03   7.213E+01  5.023E-02 
2.428E+03   7.182E+01  4.988E-02 
2.448E+03   7.151E+01  4.954E-02 
2.468E+03   7.120E+01  4.921E-02 
2.489E+03   7.089E+01  4.887E-02 
2.510E+03   7.058E+01  4.854E-02 
2.531E+03   7.028E+01  4.821E-02 
2.552E+03   6.997E+01  4.788E-02 
2.573E+03   6.967E+01  4.755E-02 
2.594E+03   6.936E+01  4.723E-02 
2.616E+03   6.906E+01  4.690E-02 
2.638E+03   6.875E+01  4.658E-02 
2.660E+03   6.845E+01  4.626E-02 
2.682E+03   6.815E+01  4.595E-02 
2.704E+03   6.785E+01  4.563E-02 
2.727E+03   6.755E+01  4.532E-02 
2.750E+03   6.725E+01  4.501E-02 
2.773E+03   6.695E+01  4.470E-02 
2.796E+03   6.666E+01  4.440E-02 
2.819E+03   6.636E+01  4.409E-02 
2.842E+03   6.607E+01  4.379E-02 
2.866E+03   6.577E+01  4.349E-02 
2.890E+03   6.548E+01  4.319E-02 
2.914E+03   6.518E+01  4.289E-02 
2.938E+03   6.489E+01  4.260E-02 
2.963E+03   6.460E+01  4.231E-02 
2.988E+03   6.431E+01  4.202E-02 
3.013E+03   6.402E+01  4.173E-02 
3.038E+03   6.373E+01  4.144E-02 
3.063E+03   6.344E+01  4.116E-02 
3.089E+03   6.316E+01  4.087E-02 
3.114E+03   6.287E+01  4.059E-02 
3.140E+03   6.258E+01  4.031E-02 
3.166E+03   6.230E+01  4.004E-02 
3.193E+03   6.201E+01  3.976E-02 
3.219E+03   6.173E+01  3.949E-02 
3.246E+03   6.145E+01  3.921E-02 
3.273E+03   6.117E+01  3.894E-02 
3.301E+03   6.089E+01  3.868E-02 
3.328E+03   6.061E+01  3.841E-02 
3.356E+03   6.033E+01  3.814E-02 
3.384E+03   6.005E+01  3.788E-02 
3.412E+03   5.977E+01  3.762E-02 
3.441E+03   5.950E+01  3.736E-02 
3.469E+03   5.922E+01  3.710E-02 
3.498E+03   5.895E+01  3.685E-02 
3.527E+03   5.867E+01  3.659E-02 
3.557E+03   5.840E+01  3.634E-02 
3.586E+03   5.813E+01  3.609E-02 
3.616E+03   5.786E+01  3.584E-02 
3.646E+03   5.759E+01  3.559E-02 
3.677E+03   5.732E+01  3.535E-02 
3.707E+03   5.705E+01  3.510E-02 
3.738E+03   5.678E+01  3.486E-02 
3.770E+03   5.651E+01  3.462E-02 
3.801E+03   5.624E+01  3.438E-02 
3.833E+03   5.598E+01  3.414E-02 
3.865E+03   5.571E+01  3.390E-02 
3.897E+03   5.545E+01  3.367E-02 
3.929E+03   5.519E+01  3.343E-02 
3.962E+03   5.493E+01  3.320E-02 
3.995E+03   5.466E+01  3.297E-02 
4.028E+03   5.440E+01  3.274E-02 
4.062E+03   5.414E+01  3.252E-02 
4.096E+03   5.389E+01  3.229E-02 
4.130E+03   5.363E+01  3.207E-02 
4.164E+03   5.337E+01  3.184E-02 
4.199E+03   5.311E+01  3.162E-02 
4.234E+03   5.286E+01  3.140E-02 
4.269E+03   5.260E+01  3.119E-02 
4.305E+03   5.235E+01  3.097E-02 
4.341E+03   5.210E+01  3.075E-02 
4.377E+03   5.185E+01  3.054E-02 
4.414E+03   5.160E+01  3.033E-02 
4.450E+03   5.135E+01  3.012E-02 
4.488E+03   5.110E+01  2.991E-02 
4.525E+03   5.085E+01  2.970E-02 
4.563E+03   5.060E+01  2.949E-02 
4.601E+03   5.035E+01  2.929E-02 
4.639E+03   5.011E+01  2.908E-02 
4.678E+03   4.986E+01  2.888E-02 
4.717E+03   4.962E+01  2.868E-02 
4.756E+03   4.937E+01  2.848E-02 
4.796E+03   4.913E+01  2.828E-02 
4.836E+03   4.889E+01  2.808E-02 
4.876E+03   4.865E+01  2.789E-02 
4.917E+03   4.841E+01  2.769E-02 
4.958E+03   4.817E+01  2.750E-02 
4.999E+03   4.793E+01  2.731E-02 
5.041E+03   4.769E+01  2.712E-02 
5.083E+03   4.746E+01  2.693E-02 
5.125E+03   4.722E+01  2.674E-02 
5.168E+03   4.699E+01  2.655E-02 
5.211E+03   4.675E+01  2.637E-02 
5.254E+03   4.652E+01  2.618E-02 
5.298E+03   4.629E+01  2.600E-02 
5.342E+03   4.605E+01  2.582E-02 
5.387E+03   4.582E+01  2.564E-02 
5.432E+03   4.559E+01  2.546E-02 
5.477E+03   4.536E+01  2.528E-02 
5.523E+03   4.514E+01  2.510E-02 
5.569E+03   4.491E+01  2.493E-02 
5.615E+03   4.468E+01  2.475E-02 
5.662E+03   4.446E+01  2.458E-02 
5.709E+03   4.423E+01  2.441E-02 
5.757E+03   4.401E+01  2.424E-02 
5.805E+03   4.379E+01  2.407E-02 
5.853E+03   4.356E+01  2.390E-02 
5.902E+03   4.334E+01  2.373E-02 
5.951E+03   4.312E+01  2.356E-02 
6.001E+03   4.290E+01  2.340E-02 
6.051E+03   4.268E+01  2.323E-02 
6.101E+03   4.246E+01  2.307E-02 
6.152E+03   4.225E+01  2.291E-02 
6.203E+03   4.203E+01  2.275E-02 
6.255E+03   4.181E+01  2.259E-02 
6.307E+03   4.160E+01  2.243E-02 
6.360E+03   4.139E+01  2.227E-02 
6.413E+03   4.117E+01  2.212E-02 
6.466E+03   4.096E+01  2.196E-02 
6.520E+03   4.075E+01  2.181E-02 
6.575E+03   4.054E+01  2.165E-02 
6.629E+03   4.033E+01  2.150E-02 
6.685E+03   4.012E+01  2.135E-02 
6.740E+03   3.991E+01  2.120E-02 
6.797E+03   3.970E+01  2.105E-02 
6.853E+03   3.950E+01  2.090E-02 
6.910E+03   3.929E+01  2.075E-02 
6.968E+03   3.909E+01  2.061E-02 
7.026E+03   3.888E+01  2.046E-02 
7.085E+03   3.868E+01  2.032E-02 
7.144E+03   3.848E+01  2.018E-02 
7.203E+03   3.828E+01  2.003E-02 
7.263E+03   3.808E+01  1.989E-02 
7.324E+03   3.788E+01  1.975E-02 
7.385E+03   3.768E+01  1.961E-02 
7.447E+03   3.748E+01  1.947E-02 
7.509E+03   3.728E+01  1.934E-02 
7.571E+03   3.709E+01  1.920E-02 
7.634E+03   3.689E+01  1.906E-02 
7.698E+03   3.669E+01  1.893E-02 
7.762E+03   3.650E+01  1.880E-02 
7.827E+03   3.631E+01  1.866E-02 
7.892E+03   3.611E+01  1.853E-02 
7.958E+03   3.592E+01  1.840E-02 
8.024E+03   3.573E+01  1.827E-02 
8.091E+03   3.554E+01  1.814E-02 
8.159E+03   3.535E+01  1.801E-02 
8.227E+03   3.516E+01  1.789E-02 
8.295E+03   3.498E+01  1.776E-02 
8.364E+03   3.479E+01  1.763E-02 
8.434E+03   3.460E+01  1.751E-02 
8.504E+03   3.442E+01  1.738E-02 
8.575E+03   3.423E+01  1.726E-02 
8.647E+03   3.405E+01  1.714E-02 
8.719E+03   3.387E+01  1.702E-02 
8.792E+03   3.368E+01  1.690E-02 
8.865E+03   3.350E+01  1.678E-02 
8.939E+03   3.332E+01  1.666E-02 
9.013E+03   3.314E+01  1.654E-02 
9.088E+03   3.296E+01  1.642E-02 
9.164E+03   3.279E+01  1.631E-02 
9.241E+03   3.261E+01  1.619E-02 
9.318E+03   3.243E+01  1.608E-02 
9.395E+03   3.226E+01  1.596E-02 
9.474E+03   3.208E+01  1.585E-02 
9.553E+03   3.191E+01  1.574E-02 
9.632E+03   3.173E+01  1.562E-02 
9.713E+03   3.156E+01  1.551E-02 
9.794E+03   3.139E+01  1.540E-02 
9.875E+03   3.122E+01  1.529E-02 
9.958E+03   3.105E+01  1.519E-02 
1.004E+04   3.088E+01  1.508E-02 
1.012E+04   3.071E+01  1.497E-02 
1.021E+04   3.054E+01  1.486E-02 
1.029E+04   3.037E+01  1.476E-02 
1.038E+04   3.021E+01  1.465E-02 
1.047E+04   3.004E+01  1.455E-02 
1.055E+04   2.987E+01  1.445E-02 
1.064E+04   2.971E+01  1.434E-02 
1.073E+04   2.955E+01  1.424E-02 
1.082E+04   2.938E+01  1.414E-02 
1.091E+04   2.922E+01  1.404E-02 
1.100E+04   2.906E+01  1.394E-02 
1.109E+04   2.890E+01  1.384E-02 
1.118E+04   2.874E+01  1.374E-02 
1.128E+04   2.858E+01  1.364E-02 
1.137E+04   2.842E+01  1.355E-02 
1.147E+04   2.826E+01  1.345E-02 
1.156E+04   2.811E+01  1.335E-02 
1.166E+04   2.795E+01  1.326E-02 
1.176E+04   2.780E+01  1.316E-02 
1.185E+04   2.764E+01  1.307E-02 
1.195E+04   2.749E+01  1.298E-02 
1.205E+04   2.733E+01  1.288E-02 
1.215E+04   2.718E+01  1.279E-02 
1.225E+04   2.703E+01  1.270E-02 
1.236E+04   2.688E+01  1.261E-02 
1.246E+04   2.673E+01  1.252E-02 
1.256E+04   2.658E+01  1.243E-02 
1.267E+04   2.643E+01  1.234E-02 
1.277E+04   2.628E+01  1.225E-02 
1.288E+04   2.613E+01  1.217E-02 
1.299E+04   2.599E+01  1.208E-02 
1.310E+04   2.584E+01  1.199E-02 
1.321E+04   2.570E+01  1.191E-02 
1.332E+04   2.555E+01  1.182E-02 
1.343E+04   2.541E+01  1.174E-02 
1.354E+04   2.526E+01  1.165E-02 
1.365E+04   2.512E+01  1.157E-02 
1.376E+04   2.498E+01  1.149E-02 
1.388E+04   2.484E+01  1.140E-02 
1.400E+04   2.470E+01  1.132E-02 
1.411E+04   2.456E+01  1.124E-02 
1.423E+04   2.442E+01  1.116E-02 
1.435E+04   2.428E+01  1.108E-02 
1.447E+04   2.414E+01  1.100E-02 
1.459E+04   2.401E+01  1.092E-02 
1.471E+04   2.387E+01  1.085E-02 
1.483E+04   2.373E+01  1.077E-02 
1.496E+04   2.360E+01  1.069E-02 
1.508E+04   2.346E+01  1.061E-02 
1.521E+04   2.333E+01  1.054E-02 
1.533E+04   2.320E+01  1.046E-02 
1.546E+04   2.306E+01  1.039E-02 
1.559E+04   2.293E+01  1.031E-02 
1.572E+04   2.280E+01  1.024E-02 
1.585E+04   2.267E+01  1.016E-02 
1.598E+04   2.254E+01  1.009E-02 
1.612E+04   2.241E+01  1.002E-02 
1.625E+04   2.228E+01  9.948E-03 
1.639E+04   2.216E+01  9.876E-03 
1.652E+04   2.203E+01  9.805E-03 
1.666E+04   2.190E+01  9.735E-03 
1.680E+04   2.178E+01  9.665E-03 
1.694E+04   2.165E+01  9.595E-03 
1.708E+04   2.153E+01  9.526E-03 
1.722E+04   2.140E+01  9.458E-03 
1.737E+04   2.128E+01  9.390E-03 
1.751E+04   2.116E+01  9.322E-03 
1.766E+04   2.104E+01  9.255E-03 
1.781E+04   2.092E+01  9.189E-03 
1.795E+04   2.079E+01  9.123E-03 
1.810E+04   2.067E+01  9.057E-03 
1.825E+04   2.055E+01  8.992E-03 
1.841E+04   2.044E+01  8.927E-03 
1.856E+04   2.032E+01  8.863E-03 
1.871E+04   2.020E+01  8.799E-03 
1.887E+04   2.008E+01  8.736E-03 
1.903E+04   1.997E+01  8.673E-03 
1.919E+04   1.985E+01  8.610E-03 
1.935E+04   1.974E+01  8.548E-03 
1.951E+04   1.962E+01  8.487E-03 
1.967E+04   1.951E+01  8.425E-03 
1.983E+04   1.939E+01  8.365E-03 
2.000E+04   1.928E+01  8.304E-03 
