Ion = Hydrogen    , Mass = 1.008
Tgt = Au (Solid), Density = 19.3 g/cm3
Stopping Units = MeV/mm       
Energy(keV)  S(Elec)    S(Nuc)
5.000E+00   6.620E+01  1.583E+00 
5.042E+00   6.644E+01  1.582E+00 
5.084E+00   6.667E+01  1.581E+00 
5.126E+00   6.691E+01  1.580E+00 
5.169E+00   6.714E+01  1.579E+00 
5.212E+00   6.738E+01  1.577E+00 
5.255E+00   6.762E+01  1.576E+00 
5.299E+00   6.786E+01  1.575E+00 
5.343E+00   6.809E+01  1.574E+00 
5.388E+00   6.834E+01  1.572E+00 
5.433E+00   6.858E+01  1.571E+00 
5.478E+00   6.882E+01  1.570E+00 
5.524E+00   6.906E+01  1.568E+00 
5.570E+00   6.931E+01  1.567E+00 
5.616E+00   6.955E+01  1.566E+00 
5.663E+00   6.980E+01  1.564E+00 
5.710E+00   7.004E+01  1.563E+00 
5.758E+00   7.029E+01  1.561E+00 
5.806E+00   7.054E+01  1.560E+00 
5.854E+00   7.079E+01  1.559E+00 
5.903E+00   7.104E+01  1.557E+00 
5.952E+00   7.129E+01  1.556E+00 
6.002E+00   7.154E+01  1.554E+00 
6.052E+00   7.180E+01  1.553E+00 
6.102E+00   7.205E+01  1.551E+00 
6.153E+00   7.230E+01  1.549E+00 
6.205E+00   7.256E+01  1.548E+00 
6.256E+00   7.281E+01  1.546E+00 
6.309E+00   7.308E+01  1.545E+00 
6.361E+00   7.333E+01  1.543E+00 
6.414E+00   7.359E+01  1.541E+00 
6.468E+00   7.385E+01  1.540E+00 
6.522E+00   7.412E+01  1.538E+00 
6.576E+00   7.438E+01  1.536E+00 
6.631E+00   7.464E+01  1.535E+00 
6.686E+00   7.490E+01  1.533E+00 
6.742E+00   7.517E+01  1.531E+00 
6.798E+00   7.543E+01  1.529E+00 
6.855E+00   7.570E+01  1.528E+00 
6.912E+00   7.597E+01  1.526E+00 
6.969E+00   7.623E+01  1.524E+00 
7.028E+00   7.651E+01  1.522E+00 
7.086E+00   7.678E+01  1.520E+00 
7.145E+00   7.705E+01  1.519E+00 
7.205E+00   7.732E+01  1.517E+00 
7.265E+00   7.759E+01  1.515E+00 
7.325E+00   7.787E+01  1.513E+00 
7.386E+00   7.814E+01  1.511E+00 
7.448E+00   7.842E+01  1.509E+00 
7.510E+00   7.870E+01  1.507E+00 
7.573E+00   7.898E+01  1.505E+00 
7.636E+00   7.926E+01  1.503E+00 
7.700E+00   7.954E+01  1.501E+00 
7.764E+00   7.982E+01  1.499E+00 
7.828E+00   8.010E+01  1.497E+00 
7.894E+00   8.038E+01  1.495E+00 
7.960E+00   8.067E+01  1.493E+00 
8.026E+00   8.095E+01  1.491E+00 
8.093E+00   8.124E+01  1.489E+00 
8.160E+00   8.153E+01  1.487E+00 
8.228E+00   8.181E+01  1.485E+00 
8.297E+00   8.211E+01  1.483E+00 
8.366E+00   8.239E+01  1.480E+00 
8.436E+00   8.269E+01  1.478E+00 
8.506E+00   8.298E+01  1.476E+00 
8.577E+00   8.327E+01  1.474E+00 
8.649E+00   8.357E+01  1.472E+00 
8.721E+00   8.386E+01  1.469E+00 
8.793E+00   8.416E+01  1.467E+00 
8.867E+00   8.446E+01  1.465E+00 
8.941E+00   8.476E+01  1.463E+00 
9.015E+00   8.506E+01  1.460E+00 
9.090E+00   8.536E+01  1.458E+00 
9.166E+00   8.566E+01  1.456E+00 
9.242E+00   8.596E+01  1.453E+00 
9.320E+00   8.627E+01  1.451E+00 
9.397E+00   8.657E+01  1.449E+00 
9.476E+00   8.688E+01  1.446E+00 
9.555E+00   8.719E+01  1.444E+00 
9.634E+00   8.749E+01  1.442E+00 
9.715E+00   8.780E+01  1.439E+00 
9.796E+00   8.812E+01  1.437E+00 
9.877E+00   8.842E+01  1.434E+00 
9.960E+00   8.874E+01  1.432E+00 
1.004E+01   8.905E+01  1.429E+00 
1.013E+01   8.937E+01  1.427E+00 
1.021E+01   8.968E+01  1.424E+00 
1.030E+01   9.000E+01  1.422E+00 
1.038E+01   9.032E+01  1.419E+00 
1.047E+01   9.064E+01  1.417E+00 
1.056E+01   9.096E+01  1.414E+00 
1.064E+01   9.128E+01  1.412E+00 
1.073E+01   9.160E+01  1.409E+00 
1.082E+01   9.193E+01  1.406E+00 
1.091E+01   9.225E+01  1.404E+00 
1.100E+01   9.258E+01  1.401E+00 
1.110E+01   9.290E+01  1.398E+00 
1.119E+01   9.323E+01  1.396E+00 
1.128E+01   9.356E+01  1.393E+00 
1.137E+01   9.389E+01  1.391E+00 
1.147E+01   9.422E+01  1.388E+00 
1.157E+01   9.456E+01  1.385E+00 
1.166E+01   9.489E+01  1.382E+00 
1.176E+01   9.523E+01  1.380E+00 
1.186E+01   9.556E+01  1.377E+00 
1.196E+01   9.590E+01  1.374E+00 
1.206E+01   9.624E+01  1.371E+00 
1.216E+01   9.658E+01  1.369E+00 
1.226E+01   9.692E+01  1.366E+00 
1.236E+01   9.726E+01  1.363E+00 
1.246E+01   9.760E+01  1.360E+00 
1.257E+01   9.795E+01  1.357E+00 
1.267E+01   9.829E+01  1.355E+00 
1.278E+01   9.864E+01  1.352E+00 
1.288E+01   9.899E+01  1.349E+00 
1.299E+01   9.934E+01  1.346E+00 
1.310E+01   9.969E+01  1.343E+00 
1.321E+01   1.000E+02  1.340E+00 
1.332E+01   1.004E+02  1.337E+00 
1.343E+01   1.007E+02  1.334E+00 
1.354E+01   1.011E+02  1.331E+00 
1.365E+01   1.015E+02  1.329E+00 
1.377E+01   1.018E+02  1.326E+00 
1.388E+01   1.022E+02  1.323E+00 
1.400E+01   1.025E+02  1.320E+00 
1.412E+01   1.029E+02  1.317E+00 
1.423E+01   1.033E+02  1.314E+00 
1.435E+01   1.036E+02  1.311E+00 
1.447E+01   1.040E+02  1.308E+00 
1.459E+01   1.044E+02  1.305E+00 
1.471E+01   1.047E+02  1.302E+00 
1.484E+01   1.051E+02  1.299E+00 
1.496E+01   1.055E+02  1.295E+00 
1.508E+01   1.058E+02  1.292E+00 
1.521E+01   1.062E+02  1.289E+00 
1.534E+01   1.066E+02  1.286E+00 
1.547E+01   1.069E+02  1.283E+00 
1.559E+01   1.073E+02  1.280E+00 
1.572E+01   1.077E+02  1.277E+00 
1.586E+01   1.081E+02  1.274E+00 
1.599E+01   1.085E+02  1.271E+00 
1.612E+01   1.088E+02  1.268E+00 
1.625E+01   1.092E+02  1.264E+00 
1.639E+01   1.096E+02  1.261E+00 
1.653E+01   1.100E+02  1.258E+00 
1.666E+01   1.104E+02  1.255E+00 
1.680E+01   1.108E+02  1.252E+00 
1.694E+01   1.111E+02  1.249E+00 
1.709E+01   1.115E+02  1.245E+00 
1.723E+01   1.119E+02  1.242E+00 
1.737E+01   1.123E+02  1.239E+00 
1.752E+01   1.127E+02  1.236E+00 
1.766E+01   1.131E+02  1.233E+00 
1.781E+01   1.135E+02  1.229E+00 
1.796E+01   1.139E+02  1.226E+00 
1.811E+01   1.143E+02  1.223E+00 
1.826E+01   1.147E+02  1.220E+00 
1.841E+01   1.151E+02  1.216E+00 
1.856E+01   1.155E+02  1.213E+00 
1.872E+01   1.159E+02  1.210E+00 
1.888E+01   1.163E+02  1.206E+00 
1.903E+01   1.167E+02  1.203E+00 
1.919E+01   1.171E+02  1.200E+00 
1.935E+01   1.175E+02  1.197E+00 
1.951E+01   1.179E+02  1.193E+00 
1.968E+01   1.184E+02  1.190E+00 
1.984E+01   1.188E+02  1.187E+00 
2.000E+01   1.192E+02  1.183E+00 
2.017E+01   1.196E+02  1.180E+00 
2.034E+01   1.200E+02  1.177E+00 
2.051E+01   1.204E+02  1.173E+00 
2.068E+01   1.208E+02  1.170E+00 
2.085E+01   1.213E+02  1.167E+00 
2.103E+01   1.217E+02  1.163E+00 
2.120E+01   1.221E+02  1.160E+00 
2.138E+01   1.225E+02  1.156E+00 
2.156E+01   1.230E+02  1.153E+00 
2.174E+01   1.234E+02  1.150E+00 
2.192E+01   1.238E+02  1.146E+00 
2.210E+01   1.242E+02  1.143E+00 
2.228E+01   1.247E+02  1.140E+00 
2.247E+01   1.251E+02  1.136E+00 
2.266E+01   1.255E+02  1.133E+00 
2.285E+01   1.260E+02  1.129E+00 
2.304E+01   1.264E+02  1.126E+00 
2.323E+01   1.268E+02  1.123E+00 
2.342E+01   1.273E+02  1.119E+00 
2.362E+01   1.277E+02  1.116E+00 
2.381E+01   1.281E+02  1.112E+00 
2.401E+01   1.286E+02  1.109E+00 
2.421E+01   1.290E+02  1.105E+00 
2.441E+01   1.295E+02  1.102E+00 
2.462E+01   1.299E+02  1.098E+00 
2.482E+01   1.304E+02  1.095E+00 
2.503E+01   1.308E+02  1.092E+00 
2.524E+01   1.313E+02  1.088E+00 
2.545E+01   1.317E+02  1.085E+00 
2.566E+01   1.322E+02  1.081E+00 
2.588E+01   1.326E+02  1.078E+00 
2.609E+01   1.331E+02  1.074E+00 
2.631E+01   1.335E+02  1.071E+00 
2.653E+01   1.340E+02  1.067E+00 
2.675E+01   1.344E+02  1.064E+00 
2.697E+01   1.349E+02  1.060E+00 
2.720E+01   1.354E+02  1.057E+00 
2.742E+01   1.358E+02  1.054E+00 
2.765E+01   1.363E+02  1.050E+00 
2.788E+01   1.367E+02  1.047E+00 
2.812E+01   1.372E+02  1.043E+00 
2.835E+01   1.377E+02  1.040E+00 
2.859E+01   1.381E+02  1.036E+00 
2.882E+01   1.386E+02  1.033E+00 
2.907E+01   1.391E+02  1.029E+00 
2.931E+01   1.395E+02  1.026E+00 
2.955E+01   1.400E+02  1.022E+00 
2.980E+01   1.405E+02  1.019E+00 
3.005E+01   1.410E+02  1.015E+00 
3.030E+01   1.414E+02  1.012E+00 
3.055E+01   1.419E+02  1.008E+00 
3.080E+01   1.424E+02  1.005E+00 
3.106E+01   1.429E+02  1.001E+00 
3.132E+01   1.433E+02  9.978E-01 
3.158E+01   1.438E+02  9.943E-01 
3.184E+01   1.443E+02  9.909E-01 
3.211E+01   1.448E+02  9.874E-01 
3.238E+01   1.453E+02  9.839E-01 
3.265E+01   1.458E+02  9.804E-01 
3.292E+01   1.462E+02  9.769E-01 
3.319E+01   1.467E+02  9.734E-01 
3.347E+01   1.472E+02  9.700E-01 
3.375E+01   1.477E+02  9.665E-01 
3.403E+01   1.482E+02  9.630E-01 
3.431E+01   1.487E+02  9.595E-01 
3.460E+01   1.492E+02  9.561E-01 
3.489E+01   1.497E+02  9.526E-01 
3.518E+01   1.502E+02  9.491E-01 
3.547E+01   1.506E+02  9.456E-01 
3.577E+01   1.511E+02  9.422E-01 
3.607E+01   1.516E+02  9.387E-01 
3.637E+01   1.521E+02  9.352E-01 
3.667E+01   1.526E+02  9.318E-01 
3.698E+01   1.531E+02  9.283E-01 
3.729E+01   1.536E+02  9.248E-01 
3.760E+01   1.541E+02  9.214E-01 
3.791E+01   1.546E+02  9.179E-01 
3.823E+01   1.551E+02  9.145E-01 
3.855E+01   1.556E+02  9.110E-01 
3.887E+01   1.561E+02  9.076E-01 
3.919E+01   1.566E+02  9.041E-01 
3.952E+01   1.571E+02  9.007E-01 
3.985E+01   1.576E+02  8.972E-01 
4.018E+01   1.582E+02  8.938E-01 
4.051E+01   1.587E+02  8.904E-01 
4.085E+01   1.592E+02  8.869E-01 
4.119E+01   1.597E+02  8.835E-01 
4.153E+01   1.602E+02  8.801E-01 
4.188E+01   1.607E+02  8.767E-01 
4.223E+01   1.612E+02  8.733E-01 
4.258E+01   1.617E+02  8.698E-01 
4.294E+01   1.622E+02  8.664E-01 
4.330E+01   1.627E+02  8.630E-01 
4.366E+01   1.632E+02  8.596E-01 
4.402E+01   1.638E+02  8.562E-01 
4.439E+01   1.643E+02  8.528E-01 
4.476E+01   1.648E+02  8.494E-01 
4.513E+01   1.653E+02  8.461E-01 
4.551E+01   1.658E+02  8.427E-01 
4.589E+01   1.663E+02  8.393E-01 
4.627E+01   1.668E+02  8.359E-01 
4.666E+01   1.674E+02  8.325E-01 
4.704E+01   1.679E+02  8.292E-01 
4.744E+01   1.684E+02  8.258E-01 
4.783E+01   1.689E+02  8.225E-01 
4.823E+01   1.694E+02  8.191E-01 
4.863E+01   1.699E+02  8.158E-01 
4.904E+01   1.704E+02  8.124E-01 
4.945E+01   1.710E+02  8.091E-01 
4.986E+01   1.715E+02  8.058E-01 
5.027E+01   1.720E+02  8.024E-01 
5.069E+01   1.725E+02  7.991E-01 
5.112E+01   1.730E+02  7.958E-01 
5.154E+01   1.735E+02  7.925E-01 
5.197E+01   1.741E+02  7.892E-01 
5.241E+01   1.746E+02  7.859E-01 
5.284E+01   1.751E+02  7.826E-01 
5.328E+01   1.756E+02  7.793E-01 
5.373E+01   1.761E+02  7.760E-01 
5.417E+01   1.766E+02  7.727E-01 
5.463E+01   1.771E+02  7.695E-01 
5.508E+01   1.777E+02  7.662E-01 
5.554E+01   1.782E+02  7.630E-01 
5.600E+01   1.787E+02  7.597E-01 
5.647E+01   1.792E+02  7.565E-01 
5.694E+01   1.797E+02  7.532E-01 
5.742E+01   1.802E+02  7.500E-01 
5.790E+01   1.807E+02  7.468E-01 
5.838E+01   1.812E+02  7.435E-01 
5.886E+01   1.817E+02  7.403E-01 
5.935E+01   1.822E+02  7.371E-01 
5.985E+01   1.828E+02  7.339E-01 
6.035E+01   1.833E+02  7.307E-01 
6.085E+01   1.838E+02  7.275E-01 
6.136E+01   1.843E+02  7.243E-01 
6.187E+01   1.848E+02  7.212E-01 
6.239E+01   1.853E+02  7.180E-01 
6.291E+01   1.858E+02  7.148E-01 
6.343E+01   1.863E+02  7.117E-01 
6.396E+01   1.868E+02  7.085E-01 
6.449E+01   1.873E+02  7.054E-01 
6.503E+01   1.878E+02  7.022E-01 
6.557E+01   1.883E+02  6.991E-01 
6.612E+01   1.888E+02  6.960E-01 
6.667E+01   1.892E+02  6.929E-01 
6.723E+01   1.897E+02  6.898E-01 
6.779E+01   1.902E+02  6.867E-01 
6.835E+01   1.907E+02  6.836E-01 
6.892E+01   1.912E+02  6.805E-01 
6.950E+01   1.917E+02  6.774E-01 
7.008E+01   1.922E+02  6.744E-01 
7.066E+01   1.926E+02  6.713E-01 
7.125E+01   1.931E+02  6.682E-01 
7.184E+01   1.936E+02  6.652E-01 
7.244E+01   1.941E+02  6.622E-01 
7.305E+01   1.945E+02  6.591E-01 
7.366E+01   1.950E+02  6.561E-01 
7.427E+01   1.955E+02  6.531E-01 
7.489E+01   1.959E+02  6.501E-01 
7.551E+01   1.964E+02  6.471E-01 
7.614E+01   1.968E+02  6.441E-01 
7.678E+01   1.973E+02  6.411E-01 
7.742E+01   1.978E+02  6.381E-01 
7.806E+01   1.982E+02  6.352E-01 
7.871E+01   1.987E+02  6.322E-01 
7.937E+01   1.991E+02  6.292E-01 
8.003E+01   1.995E+02  6.263E-01 
8.070E+01   2.000E+02  6.234E-01 
8.137E+01   2.004E+02  6.204E-01 
8.205E+01   2.008E+02  6.175E-01 
8.273E+01   2.013E+02  6.146E-01 
8.342E+01   2.017E+02  6.117E-01 
8.412E+01   2.021E+02  6.088E-01 
8.482E+01   2.025E+02  6.059E-01 
8.553E+01   2.030E+02  6.030E-01 
8.624E+01   2.034E+02  6.002E-01 
8.696E+01   2.038E+02  5.973E-01 
8.769E+01   2.042E+02  5.944E-01 
8.842E+01   2.046E+02  5.916E-01 
8.915E+01   2.050E+02  5.888E-01 
8.990E+01   2.054E+02  5.859E-01 
9.065E+01   2.058E+02  5.831E-01 
9.140E+01   2.061E+02  5.803E-01 
9.216E+01   2.065E+02  5.775E-01 
9.293E+01   2.069E+02  5.747E-01 
9.371E+01   2.073E+02  5.719E-01 
9.449E+01   2.076E+02  5.691E-01 
9.528E+01   2.080E+02  5.664E-01 
9.607E+01   2.083E+02  5.636E-01 
9.687E+01   2.087E+02  5.609E-01 
9.768E+01   2.090E+02  5.581E-01 
9.849E+01   2.094E+02  5.554E-01 
9.931E+01   2.097E+02  5.527E-01 
1.001E+02   2.101E+02  5.499E-01 
1.010E+02   2.104E+02  5.472E-01 
1.018E+02   2.107E+02  5.445E-01 
1.027E+02   2.110E+02  5.418E-01 
1.035E+02   2.113E+02  5.392E-01 
1.044E+02   2.116E+02  5.365E-01 
1.053E+02   2.119E+02  5.338E-01 
1.061E+02   2.122E+02  5.312E-01 
1.070E+02   2.125E+02  5.285E-01 
1.079E+02   2.128E+02  5.259E-01 
1.088E+02   2.131E+02  5.233E-01 
1.097E+02   2.134E+02  5.206E-01 
1.106E+02   2.136E+02  5.180E-01 
1.116E+02   2.139E+02  5.154E-01 
1.125E+02   2.141E+02  5.128E-01 
1.134E+02   2.144E+02  5.102E-01 
1.144E+02   2.146E+02  5.077E-01 
1.153E+02   2.149E+02  5.051E-01 
1.163E+02   2.151E+02  5.025E-01 
1.173E+02   2.153E+02  5.000E-01 
1.182E+02   2.155E+02  4.975E-01 
1.192E+02   2.157E+02  4.949E-01 
1.202E+02   2.159E+02  4.924E-01 
1.212E+02   2.161E+02  4.899E-01 
1.222E+02   2.163E+02  4.874E-01 
1.232E+02   2.165E+02  4.849E-01 
1.243E+02   2.167E+02  4.824E-01 
1.253E+02   2.168E+02  4.799E-01 
1.263E+02   2.170E+02  4.775E-01 
1.274E+02   2.172E+02  4.750E-01 
1.285E+02   2.173E+02  4.726E-01 
1.295E+02   2.174E+02  4.701E-01 
1.306E+02   2.176E+02  4.677E-01 
1.317E+02   2.177E+02  4.653E-01 
1.328E+02   2.178E+02  4.629E-01 
1.339E+02   2.179E+02  4.605E-01 
1.350E+02   2.180E+02  4.581E-01 
1.362E+02   2.181E+02  4.557E-01 
1.373E+02   2.182E+02  4.533E-01 
1.384E+02   2.183E+02  4.509E-01 
1.396E+02   2.184E+02  4.486E-01 
1.408E+02   2.184E+02  4.462E-01 
1.419E+02   2.185E+02  4.439E-01 
1.431E+02   2.186E+02  4.416E-01 
1.443E+02   2.186E+02  4.392E-01 
1.455E+02   2.186E+02  4.369E-01 
1.467E+02   2.187E+02  4.346E-01 
1.479E+02   2.187E+02  4.323E-01 
1.492E+02   2.187E+02  4.300E-01 
1.504E+02   2.187E+02  4.278E-01 
1.517E+02   2.187E+02  4.255E-01 
1.529E+02   2.187E+02  4.232E-01 
1.542E+02   2.187E+02  4.210E-01 
1.555E+02   2.187E+02  4.187E-01 
1.568E+02   2.186E+02  4.165E-01 
1.581E+02   2.186E+02  4.143E-01 
1.594E+02   2.185E+02  4.121E-01 
1.607E+02   2.185E+02  4.099E-01 
1.621E+02   2.184E+02  4.077E-01 
1.634E+02   2.183E+02  4.055E-01 
1.648E+02   2.183E+02  4.033E-01 
1.662E+02   2.182E+02  4.011E-01 
1.676E+02   2.181E+02  3.990E-01 
1.690E+02   2.180E+02  3.968E-01 
1.704E+02   2.179E+02  3.947E-01 
1.718E+02   2.178E+02  3.926E-01 
1.732E+02   2.177E+02  3.904E-01 
1.747E+02   2.175E+02  3.883E-01 
1.761E+02   2.174E+02  3.862E-01 
1.776E+02   2.172E+02  3.841E-01 
1.791E+02   2.171E+02  3.820E-01 
1.806E+02   2.169E+02  3.799E-01 
1.821E+02   2.168E+02  3.779E-01 
1.836E+02   2.166E+02  3.758E-01 
1.851E+02   2.164E+02  3.738E-01 
1.867E+02   2.162E+02  3.717E-01 
1.882E+02   2.160E+02  3.697E-01 
1.898E+02   2.158E+02  3.676E-01 
1.914E+02   2.156E+02  3.656E-01 
1.930E+02   2.154E+02  3.636E-01 
1.946E+02   2.152E+02  3.616E-01 
1.962E+02   2.150E+02  3.596E-01 
1.978E+02   2.147E+02  3.576E-01 
1.995E+02   2.145E+02  3.557E-01 
2.011E+02   2.143E+02  3.537E-01 
2.028E+02   2.140E+02  3.517E-01 
2.045E+02   2.138E+02  3.498E-01 
2.062E+02   2.135E+02  3.478E-01 
2.079E+02   2.132E+02  3.459E-01 
2.097E+02   2.129E+02  3.440E-01 
2.114E+02   2.127E+02  3.421E-01 
2.132E+02   2.124E+02  3.402E-01 
2.149E+02   2.121E+02  3.383E-01 
2.167E+02   2.118E+02  3.364E-01 
2.185E+02   2.115E+02  3.345E-01 
2.204E+02   2.112E+02  3.326E-01 
2.222E+02   2.109E+02  3.308E-01 
2.241E+02   2.105E+02  3.289E-01 
2.259E+02   2.102E+02  3.271E-01 
2.278E+02   2.099E+02  3.252E-01 
2.297E+02   2.095E+02  3.234E-01 
2.316E+02   2.092E+02  3.216E-01 
2.336E+02   2.089E+02  3.198E-01 
2.355E+02   2.085E+02  3.180E-01 
2.375E+02   2.082E+02  3.162E-01 
2.394E+02   2.078E+02  3.144E-01 
2.414E+02   2.074E+02  3.126E-01 
2.435E+02   2.071E+02  3.108E-01 
2.455E+02   2.067E+02  3.091E-01 
2.475E+02   2.063E+02  3.073E-01 
2.496E+02   2.059E+02  3.056E-01 
2.517E+02   2.056E+02  3.038E-01 
2.538E+02   2.052E+02  3.021E-01 
2.559E+02   2.048E+02  3.004E-01 
2.580E+02   2.044E+02  2.986E-01 
2.602E+02   2.040E+02  2.969E-01 
2.623E+02   2.036E+02  2.952E-01 
2.645E+02   2.032E+02  2.935E-01 
2.667E+02   2.028E+02  2.919E-01 
2.690E+02   2.024E+02  2.902E-01 
2.712E+02   2.019E+02  2.885E-01 
2.735E+02   2.015E+02  3.049E-01 
2.757E+02   2.011E+02  3.032E-01 
2.780E+02   2.007E+02  3.014E-01 
2.804E+02   2.002E+02  2.996E-01 
2.827E+02   1.998E+02  2.979E-01 
2.851E+02   1.994E+02  2.961E-01 
2.874E+02   1.989E+02  2.944E-01 
2.898E+02   1.985E+02  2.926E-01 
2.922E+02   1.981E+02  2.909E-01 
2.947E+02   1.976E+02  2.892E-01 
2.971E+02   1.972E+02  2.875E-01 
2.996E+02   1.967E+02  2.858E-01 
3.021E+02   1.963E+02  2.841E-01 
3.046E+02   1.958E+02  2.824E-01 
3.072E+02   1.953E+02  2.807E-01 
3.097E+02   1.949E+02  2.791E-01 
3.123E+02   1.944E+02  2.774E-01 
3.149E+02   1.940E+02  2.758E-01 
3.175E+02   1.935E+02  2.741E-01 
3.202E+02   1.930E+02  2.725E-01 
3.229E+02   1.926E+02  2.709E-01 
3.256E+02   1.921E+02  2.693E-01 
3.283E+02   1.916E+02  2.677E-01 
3.310E+02   1.911E+02  2.661E-01 
3.338E+02   1.907E+02  2.645E-01 
3.365E+02   1.902E+02  2.629E-01 
3.394E+02   1.897E+02  2.613E-01 
3.422E+02   1.892E+02  2.598E-01 
3.450E+02   1.887E+02  2.582E-01 
3.479E+02   1.883E+02  2.566E-01 
3.508E+02   1.878E+02  2.551E-01 
3.537E+02   1.873E+02  2.536E-01 
3.567E+02   1.868E+02  2.520E-01 
3.597E+02   1.863E+02  2.505E-01 
3.627E+02   1.858E+02  2.490E-01 
3.657E+02   1.853E+02  2.475E-01 
3.687E+02   1.848E+02  2.460E-01 
3.718E+02   1.843E+02  2.445E-01 
3.749E+02   1.838E+02  2.431E-01 
3.780E+02   1.834E+02  2.416E-01 
3.812E+02   1.829E+02  2.401E-01 
3.844E+02   1.824E+02  2.387E-01 
3.876E+02   1.819E+02  2.372E-01 
3.908E+02   1.814E+02  2.358E-01 
3.940E+02   1.809E+02  2.343E-01 
3.973E+02   1.803E+02  2.329E-01 
4.006E+02   1.798E+02  2.315E-01 
4.040E+02   1.793E+02  2.301E-01 
4.074E+02   1.788E+02  2.287E-01 
4.108E+02   1.783E+02  2.273E-01 
4.142E+02   1.778E+02  2.259E-01 
4.176E+02   1.773E+02  2.245E-01 
4.211E+02   1.768E+02  2.232E-01 
4.246E+02   1.763E+02  2.218E-01 
4.282E+02   1.758E+02  2.204E-01 
4.317E+02   1.753E+02  2.191E-01 
4.353E+02   1.748E+02  2.177E-01 
4.390E+02   1.742E+02  2.164E-01 
4.426E+02   1.737E+02  2.151E-01 
4.463E+02   1.732E+02  2.137E-01 
4.500E+02   1.727E+02  2.124E-01 
4.538E+02   1.722E+02  2.111E-01 
4.576E+02   1.717E+02  2.098E-01 
4.614E+02   1.712E+02  2.085E-01 
4.652E+02   1.706E+02  2.072E-01 
4.691E+02   1.701E+02  2.060E-01 
4.730E+02   1.696E+02  2.047E-01 
4.770E+02   1.691E+02  2.034E-01 
4.809E+02   1.686E+02  2.022E-01 
4.849E+02   1.680E+02  2.009E-01 
4.890E+02   1.675E+02  1.997E-01 
4.931E+02   1.670E+02  1.984E-01 
4.972E+02   1.665E+02  1.972E-01 
5.013E+02   1.659E+02  1.960E-01 
5.055E+02   1.654E+02  1.948E-01 
5.097E+02   1.649E+02  1.935E-01 
5.140E+02   1.644E+02  1.923E-01 
5.182E+02   1.638E+02  1.911E-01 
5.226E+02   1.633E+02  1.900E-01 
5.269E+02   1.628E+02  1.888E-01 
5.313E+02   1.623E+02  1.876E-01 
5.357E+02   1.617E+02  1.864E-01 
5.402E+02   1.612E+02  1.853E-01 
5.447E+02   1.607E+02  1.841E-01 
5.493E+02   1.601E+02  1.829E-01 
5.538E+02   1.596E+02  1.818E-01 
5.585E+02   1.591E+02  1.807E-01 
5.631E+02   1.585E+02  1.795E-01 
5.678E+02   1.580E+02  1.784E-01 
5.725E+02   1.575E+02  1.773E-01 
5.773E+02   1.569E+02  1.762E-01 
5.821E+02   1.564E+02  1.751E-01 
5.870E+02   1.559E+02  1.740E-01 
5.919E+02   1.553E+02  1.729E-01 
5.968E+02   1.548E+02  1.718E-01 
6.018E+02   1.543E+02  1.707E-01 
6.068E+02   1.537E+02  1.696E-01 
6.119E+02   1.532E+02  1.686E-01 
6.170E+02   1.527E+02  1.675E-01 
6.221E+02   1.521E+02  1.664E-01 
6.273E+02   1.516E+02  1.654E-01 
6.325E+02   1.510E+02  1.643E-01 
6.378E+02   1.505E+02  1.633E-01 
6.431E+02   1.500E+02  1.623E-01 
6.485E+02   1.494E+02  1.612E-01 
6.539E+02   1.489E+02  1.602E-01 
6.593E+02   1.483E+02  1.592E-01 
6.648E+02   1.478E+02  1.582E-01 
6.704E+02   1.473E+02  1.572E-01 
6.760E+02   1.467E+02  1.562E-01 
6.816E+02   1.462E+02  1.552E-01 
6.873E+02   1.456E+02  1.542E-01 
6.930E+02   1.451E+02  1.532E-01 
6.988E+02   1.446E+02  1.522E-01 
7.046E+02   1.440E+02  1.513E-01 
7.105E+02   1.435E+02  1.503E-01 
7.164E+02   1.429E+02  1.494E-01 
7.224E+02   1.424E+02  1.484E-01 
7.284E+02   1.418E+02  1.475E-01 
7.345E+02   1.413E+02  1.465E-01 
7.406E+02   1.407E+02  1.456E-01 
7.468E+02   1.402E+02  1.446E-01 
7.530E+02   1.397E+02  1.437E-01 
7.593E+02   1.391E+02  1.428E-01 
7.656E+02   1.386E+02  1.419E-01 
7.720E+02   1.380E+02  1.410E-01 
7.784E+02   1.375E+02  1.401E-01 
7.849E+02   1.369E+02  1.392E-01 
7.915E+02   1.364E+02  1.383E-01 
7.981E+02   1.358E+02  1.374E-01 
8.047E+02   1.353E+02  1.365E-01 
8.114E+02   1.347E+02  1.356E-01 
8.182E+02   1.342E+02  1.348E-01 
8.250E+02   1.336E+02  1.339E-01 
8.319E+02   1.331E+02  1.330E-01 
8.388E+02   1.326E+02  1.322E-01 
8.458E+02   1.320E+02  1.313E-01 
8.529E+02   1.315E+02  1.305E-01 
8.600E+02   1.309E+02  1.296E-01 
8.671E+02   1.304E+02  1.288E-01 
8.744E+02   1.298E+02  1.280E-01 
8.817E+02   1.293E+02  1.271E-01 
8.890E+02   1.287E+02  1.263E-01 
8.964E+02   1.282E+02  1.255E-01 
9.039E+02   1.276E+02  1.247E-01 
9.114E+02   1.271E+02  1.239E-01 
9.190E+02   1.265E+02  1.231E-01 
9.267E+02   1.260E+02  1.223E-01 
9.344E+02   1.254E+02  1.215E-01 
9.422E+02   1.249E+02  1.207E-01 
9.501E+02   1.244E+02  1.199E-01 
9.580E+02   1.238E+02  1.191E-01 
9.660E+02   1.233E+02  1.184E-01 
9.740E+02   1.227E+02  1.176E-01 
9.821E+02   1.222E+02  1.168E-01 
9.903E+02   1.216E+02  1.161E-01 
9.986E+02   1.211E+02  1.153E-01 
1.007E+03   1.205E+02  1.145E-01 
1.015E+03   1.202E+02  1.138E-01 
1.024E+03   1.198E+02  1.131E-01 
1.032E+03   1.195E+02  1.123E-01 
1.041E+03   1.192E+02  1.116E-01 
1.050E+03   1.188E+02  1.109E-01 
1.058E+03   1.185E+02  1.101E-01 
1.067E+03   1.181E+02  1.094E-01 
1.076E+03   1.177E+02  1.087E-01 
1.085E+03   1.174E+02  1.080E-01 
1.094E+03   1.170E+02  1.073E-01 
1.103E+03   1.166E+02  1.066E-01 
1.112E+03   1.163E+02  1.059E-01 
1.122E+03   1.159E+02  1.052E-01 
1.131E+03   1.155E+02  1.045E-01 
1.140E+03   1.151E+02  1.038E-01 
1.150E+03   1.148E+02  1.031E-01 
1.160E+03   1.144E+02  1.025E-01 
1.169E+03   1.140E+02  1.018E-01 
1.179E+03   1.136E+02  1.011E-01 
1.189E+03   1.132E+02  1.004E-01 
1.199E+03   1.128E+02  9.979E-02 
1.209E+03   1.124E+02  9.913E-02 
1.219E+03   1.120E+02  9.848E-02 
1.229E+03   1.116E+02  9.783E-02 
1.239E+03   1.112E+02  9.718E-02 
1.250E+03   1.109E+02  9.654E-02 
1.260E+03   1.105E+02  9.591E-02 
1.270E+03   1.101E+02  9.527E-02 
1.281E+03   1.097E+02  9.464E-02 
1.292E+03   1.093E+02  9.402E-02 
1.302E+03   1.089E+02  9.340E-02 
1.313E+03   1.085E+02  9.278E-02 
1.324E+03   1.081E+02  9.217E-02 
1.335E+03   1.077E+02  9.156E-02 
1.346E+03   1.073E+02  9.095E-02 
1.358E+03   1.070E+02  9.035E-02 
1.369E+03   1.066E+02  8.975E-02 
1.380E+03   1.062E+02  8.916E-02 
1.392E+03   1.058E+02  8.857E-02 
1.404E+03   1.054E+02  8.798E-02 
1.415E+03   1.050E+02  8.740E-02 
1.427E+03   1.046E+02  8.682E-02 
1.439E+03   1.042E+02  8.624E-02 
1.451E+03   1.038E+02  8.567E-02 
1.463E+03   1.034E+02  8.510E-02 
1.475E+03   1.030E+02  8.453E-02 
1.487E+03   1.026E+02  8.397E-02 
1.500E+03   1.023E+02  8.341E-02 
1.512E+03   1.019E+02  8.286E-02 
1.525E+03   1.015E+02  8.230E-02 
1.538E+03   1.011E+02  8.176E-02 
1.551E+03   1.007E+02  8.121E-02 
1.563E+03   1.003E+02  8.067E-02 
1.577E+03   9.990E+01  8.013E-02 
1.590E+03   9.951E+01  7.960E-02 
1.603E+03   9.912E+01  7.907E-02 
1.616E+03   9.873E+01  7.854E-02 
1.630E+03   9.834E+01  7.801E-02 
1.643E+03   9.795E+01  7.749E-02 
1.657E+03   9.757E+01  7.698E-02 
1.671E+03   9.718E+01  7.646E-02 
1.685E+03   9.679E+01  7.595E-02 
1.699E+03   9.640E+01  7.544E-02 
1.713E+03   9.602E+01  7.494E-02 
1.727E+03   9.563E+01  7.443E-02 
1.742E+03   9.525E+01  7.394E-02 
1.756E+03   9.486E+01  7.344E-02 
1.771E+03   9.448E+01  7.295E-02 
1.786E+03   9.409E+01  7.246E-02 
1.800E+03   9.371E+01  7.197E-02 
1.815E+03   9.333E+01  7.149E-02 
1.831E+03   9.295E+01  7.101E-02 
1.846E+03   9.257E+01  7.053E-02 
1.861E+03   9.219E+01  7.006E-02 
1.877E+03   9.181E+01  6.959E-02 
1.892E+03   9.143E+01  6.912E-02 
1.908E+03   9.105E+01  6.866E-02 
1.924E+03   9.067E+01  6.819E-02 
1.940E+03   9.030E+01  6.774E-02 
1.956E+03   8.992E+01  6.728E-02 
1.973E+03   8.955E+01  6.683E-02 
1.989E+03   8.917E+01  6.638E-02 
2.006E+03   8.880E+01  6.593E-02 
2.022E+03   8.843E+01  6.548E-02 
2.039E+03   8.805E+01  6.504E-02 
2.056E+03   8.768E+01  6.460E-02 
2.073E+03   8.731E+01  6.417E-02 
2.091E+03   8.694E+01  6.373E-02 
2.108E+03   8.658E+01  6.330E-02 
2.126E+03   8.621E+01  6.288E-02 
2.143E+03   8.584E+01  6.245E-02 
2.161E+03   8.548E+01  6.203E-02 
2.179E+03   8.511E+01  6.161E-02 
2.197E+03   8.475E+01  6.119E-02 
2.216E+03   8.438E+01  6.078E-02 
2.234E+03   8.402E+01  6.037E-02 
2.253E+03   8.366E+01  5.996E-02 
2.272E+03   8.330E+01  5.955E-02 
2.291E+03   8.294E+01  5.915E-02 
2.310E+03   8.258E+01  5.875E-02 
2.329E+03   8.222E+01  5.835E-02 
2.348E+03   8.187E+01  5.795E-02 
2.368E+03   8.151E+01  5.756E-02 
2.388E+03   8.116E+01  5.717E-02 
2.408E+03   8.080E+01  5.678E-02 
2.428E+03   8.045E+01  5.640E-02 
2.448E+03   8.010E+01  5.601E-02 
2.468E+03   7.975E+01  5.563E-02 
2.489E+03   7.940E+01  5.525E-02 
2.510E+03   7.905E+01  5.488E-02 
2.531E+03   7.870E+01  5.451E-02 
2.552E+03   7.835E+01  5.413E-02 
2.573E+03   7.801E+01  5.377E-02 
2.594E+03   7.766E+01  5.340E-02 
2.616E+03   7.732E+01  5.304E-02 
2.638E+03   7.697E+01  5.267E-02 
2.660E+03   7.663E+01  5.232E-02 
2.682E+03   7.629E+01  5.196E-02 
2.704E+03   7.595E+01  5.160E-02 
2.727E+03   7.561E+01  5.125E-02 
2.750E+03   7.527E+01  5.090E-02 
2.773E+03   7.493E+01  5.056E-02 
2.796E+03   7.460E+01  5.021E-02 
2.819E+03   7.426E+01  4.987E-02 
2.842E+03   7.393E+01  4.953E-02 
2.866E+03   7.359E+01  4.919E-02 
2.890E+03   7.326E+01  4.885E-02 
2.914E+03   7.293E+01  4.852E-02 
2.938E+03   7.260E+01  4.819E-02 
2.963E+03   7.227E+01  4.786E-02 
2.988E+03   7.194E+01  4.753E-02 
3.013E+03   7.162E+01  4.720E-02 
3.038E+03   7.129E+01  4.688E-02 
3.063E+03   7.096E+01  4.656E-02 
3.089E+03   7.064E+01  4.624E-02 
3.114E+03   7.032E+01  4.592E-02 
3.140E+03   7.000E+01  4.561E-02 
3.166E+03   6.967E+01  4.529E-02 
3.193E+03   6.935E+01  4.498E-02 
3.219E+03   6.903E+01  4.468E-02 
3.246E+03   6.872E+01  4.437E-02 
3.273E+03   6.840E+01  4.406E-02 
3.301E+03   6.808E+01  4.376E-02 
3.328E+03   6.777E+01  4.346E-02 
3.356E+03   6.745E+01  4.316E-02 
3.384E+03   6.714E+01  4.287E-02 
3.412E+03   6.683E+01  4.257E-02 
3.441E+03   6.652E+01  4.228E-02 
3.469E+03   6.621E+01  4.199E-02 
3.498E+03   6.590E+01  4.170E-02 
3.527E+03   6.559E+01  4.141E-02 
3.557E+03   6.529E+01  4.113E-02 
3.586E+03   6.498E+01  4.084E-02 
3.616E+03   6.467E+01  4.056E-02 
3.646E+03   6.437E+01  4.028E-02 
3.677E+03   6.407E+01  4.000E-02 
3.707E+03   6.377E+01  3.973E-02 
3.738E+03   6.347E+01  3.945E-02 
3.770E+03   6.317E+01  3.918E-02 
3.801E+03   6.287E+01  3.891E-02 
3.833E+03   6.257E+01  3.864E-02 
3.865E+03   6.227E+01  3.838E-02 
3.897E+03   6.198E+01  3.811E-02 
3.929E+03   6.168E+01  3.785E-02 
3.962E+03   6.139E+01  3.759E-02 
3.995E+03   6.110E+01  3.733E-02 
4.028E+03   6.081E+01  3.707E-02 
4.062E+03   6.051E+01  3.681E-02 
4.096E+03   6.023E+01  3.656E-02 
4.130E+03   5.994E+01  3.630E-02 
4.164E+03   5.965E+01  3.605E-02 
4.199E+03   5.936E+01  3.580E-02 
4.234E+03   5.908E+01  3.556E-02 
4.269E+03   5.879E+01  3.531E-02 
4.305E+03   5.851E+01  3.506E-02 
4.341E+03   5.823E+01  3.482E-02 
4.377E+03   5.795E+01  3.458E-02 
4.414E+03   5.767E+01  3.434E-02 
4.450E+03   5.739E+01  3.410E-02 
4.488E+03   5.711E+01  3.387E-02 
4.525E+03   5.683E+01  3.363E-02 
4.563E+03   5.655E+01  3.340E-02 
4.601E+03   5.628E+01  3.316E-02 
4.639E+03   5.600E+01  3.293E-02 
4.678E+03   5.573E+01  3.271E-02 
4.717E+03   5.546E+01  3.248E-02 
4.756E+03   5.519E+01  3.225E-02 
4.796E+03   5.492E+01  3.203E-02 
4.836E+03   5.465E+01  3.181E-02 
4.876E+03   5.438E+01  3.158E-02 
4.917E+03   5.411E+01  3.136E-02 
4.958E+03   5.385E+01  3.115E-02 
4.999E+03   5.358E+01  3.093E-02 
5.041E+03   5.332E+01  3.071E-02 
5.083E+03   5.305E+01  3.050E-02 
5.125E+03   5.279E+01  3.029E-02 
5.168E+03   5.253E+01  3.008E-02 
5.211E+03   5.227E+01  2.987E-02 
5.254E+03   5.201E+01  2.966E-02 
5.298E+03   5.175E+01  2.945E-02 
5.342E+03   5.149E+01  2.925E-02 
5.387E+03   5.124E+01  2.904E-02 
5.432E+03   5.098E+01  2.884E-02 
5.477E+03   5.073E+01  2.864E-02 
5.523E+03   5.047E+01  2.844E-02 
5.569E+03   5.022E+01  2.824E-02 
5.615E+03   4.997E+01  2.804E-02 
5.662E+03   4.972E+01  2.785E-02 
5.709E+03   4.947E+01  2.765E-02 
5.757E+03   4.922E+01  2.746E-02 
5.805E+03   4.897E+01  2.727E-02 
5.853E+03   4.872E+01  2.708E-02 
5.902E+03   4.848E+01  2.689E-02 
5.951E+03   4.823E+01  2.670E-02 
6.001E+03   4.799E+01  2.651E-02 
6.051E+03   4.775E+01  2.633E-02 
6.101E+03   4.750E+01  2.614E-02 
6.152E+03   4.726E+01  2.596E-02 
6.203E+03   4.702E+01  2.578E-02 
6.255E+03   4.678E+01  2.560E-02 
6.307E+03   4.655E+01  2.542E-02 
6.360E+03   4.631E+01  2.524E-02 
6.413E+03   4.607E+01  2.506E-02 
6.466E+03   4.584E+01  2.489E-02 
6.520E+03   4.560E+01  2.471E-02 
6.575E+03   4.537E+01  2.454E-02 
6.629E+03   4.514E+01  2.437E-02 
6.685E+03   4.490E+01  2.420E-02 
6.740E+03   4.467E+01  2.403E-02 
6.797E+03   4.444E+01  2.386E-02 
6.853E+03   4.422E+01  2.369E-02 
6.910E+03   4.399E+01  2.352E-02 
6.968E+03   4.376E+01  2.336E-02 
7.026E+03   4.353E+01  2.319E-02 
7.085E+03   4.331E+01  2.303E-02 
7.144E+03   4.309E+01  2.287E-02 
7.203E+03   4.286E+01  2.271E-02 
7.263E+03   4.264E+01  2.255E-02 
7.324E+03   4.242E+01  2.239E-02 
7.385E+03   4.220E+01  2.223E-02 
7.447E+03   4.198E+01  2.208E-02 
7.509E+03   4.176E+01  2.192E-02 
7.571E+03   4.154E+01  2.177E-02 
7.634E+03   4.133E+01  2.161E-02 
7.698E+03   4.111E+01  2.146E-02 
7.762E+03   4.089E+01  2.131E-02 
7.827E+03   4.068E+01  2.116E-02 
7.892E+03   4.047E+01  2.101E-02 
7.958E+03   4.026E+01  2.086E-02 
8.024E+03   4.004E+01  2.071E-02 
8.091E+03   3.983E+01  2.057E-02 
8.159E+03   3.962E+01  2.042E-02 
8.227E+03   3.941E+01  2.028E-02 
8.295E+03   3.921E+01  2.014E-02 
8.364E+03   3.900E+01  1.999E-02 
8.434E+03   3.879E+01  1.985E-02 
8.504E+03   3.859E+01  1.971E-02 
8.575E+03   3.838E+01  1.957E-02 
8.647E+03   3.818E+01  1.943E-02 
8.719E+03   3.798E+01  1.930E-02 
8.792E+03   3.778E+01  1.916E-02 
8.865E+03   3.758E+01  1.903E-02 
8.939E+03   3.738E+01  1.889E-02 
9.013E+03   3.718E+01  1.876E-02 
9.088E+03   3.698E+01  1.862E-02 
9.164E+03   3.678E+01  1.849E-02 
9.241E+03   3.659E+01  1.836E-02 
9.318E+03   3.639E+01  1.823E-02 
9.395E+03   3.620E+01  1.810E-02 
9.474E+03   3.600E+01  1.797E-02 
9.553E+03   3.581E+01  1.785E-02 
9.632E+03   3.562E+01  1.772E-02 
9.713E+03   3.543E+01  1.760E-02 
9.794E+03   3.524E+01  1.747E-02 
9.875E+03   3.505E+01  1.735E-02 
9.958E+03   3.486E+01  1.722E-02 
1.004E+04   3.467E+01  1.710E-02 
1.012E+04   3.448E+01  1.698E-02 
1.021E+04   3.430E+01  1.686E-02 
1.029E+04   3.411E+01  1.674E-02 
1.038E+04   3.393E+01  1.662E-02 
1.047E+04   3.374E+01  1.650E-02 
1.055E+04   3.356E+01  1.639E-02 
1.064E+04   3.338E+01  1.627E-02 
1.073E+04   3.320E+01  1.615E-02 
1.082E+04   3.302E+01  1.604E-02 
1.091E+04   3.284E+01  1.593E-02 
1.100E+04   3.266E+01  1.581E-02 
1.109E+04   3.248E+01  1.570E-02 
1.118E+04   3.230E+01  1.559E-02 
1.128E+04   3.213E+01  1.548E-02 
1.137E+04   3.195E+01  1.537E-02 
1.147E+04   3.178E+01  1.526E-02 
1.156E+04   3.160E+01  1.515E-02 
1.166E+04   3.143E+01  1.504E-02 
1.176E+04   3.126E+01  1.493E-02 
1.185E+04   3.109E+01  1.483E-02 
1.195E+04   3.092E+01  1.472E-02 
1.205E+04   3.075E+01  1.462E-02 
1.215E+04   3.058E+01  1.451E-02 
1.225E+04   3.041E+01  1.441E-02 
1.236E+04   3.024E+01  1.431E-02 
1.246E+04   3.007E+01  1.421E-02 
1.256E+04   2.991E+01  1.410E-02 
1.267E+04   2.974E+01  1.400E-02 
1.277E+04   2.958E+01  1.390E-02 
1.288E+04   2.942E+01  1.381E-02 
1.299E+04   2.925E+01  1.371E-02 
1.310E+04   2.909E+01  1.361E-02 
1.321E+04   2.893E+01  1.351E-02 
1.332E+04   2.877E+01  1.342E-02 
1.343E+04   2.861E+01  1.332E-02 
1.354E+04   2.845E+01  1.322E-02 
1.365E+04   2.829E+01  1.313E-02 
1.376E+04   2.813E+01  1.304E-02 
1.388E+04   2.798E+01  1.294E-02 
1.400E+04   2.782E+01  1.285E-02 
1.411E+04   2.767E+01  1.276E-02 
1.423E+04   2.751E+01  1.267E-02 
1.435E+04   2.736E+01  1.258E-02 
1.447E+04   2.721E+01  1.249E-02 
1.459E+04   2.705E+01  1.240E-02 
1.471E+04   2.690E+01  1.231E-02 
1.483E+04   2.675E+01  1.222E-02 
1.496E+04   2.660E+01  1.213E-02 
1.508E+04   2.645E+01  1.205E-02 
1.521E+04   2.630E+01  1.196E-02 
1.533E+04   2.616E+01  1.188E-02 
1.546E+04   2.601E+01  1.179E-02 
1.559E+04   2.586E+01  1.171E-02 
1.572E+04   2.572E+01  1.162E-02 
1.585E+04   2.557E+01  1.154E-02 
1.598E+04   2.543E+01  1.146E-02 
1.612E+04   2.528E+01  1.137E-02 
1.625E+04   2.514E+01  1.129E-02 
1.639E+04   2.500E+01  1.121E-02 
1.652E+04   2.486E+01  1.113E-02 
1.666E+04   2.472E+01  1.105E-02 
1.680E+04   2.458E+01  1.097E-02 
1.694E+04   2.444E+01  1.089E-02 
1.708E+04   2.430E+01  1.082E-02 
1.722E+04   2.416E+01  1.074E-02 
1.737E+04   2.403E+01  1.066E-02 
1.751E+04   2.389E+01  1.058E-02 
1.766E+04   2.375E+01  1.051E-02 
1.781E+04   2.362E+01  1.043E-02 
1.795E+04   2.348E+01  1.036E-02 
1.810E+04   2.335E+01  1.028E-02 
1.825E+04   2.322E+01  1.021E-02 
1.841E+04   2.309E+01  1.014E-02 
1.856E+04   2.295E+01  1.006E-02 
1.871E+04   2.282E+01  9.991E-03 
1.887E+04   2.269E+01  9.919E-03 
1.903E+04   2.256E+01  9.848E-03 
1.919E+04   2.243E+01  9.777E-03 
1.935E+04   2.231E+01  9.707E-03 
1.951E+04   2.218E+01  9.637E-03 
1.967E+04   2.205E+01  9.567E-03 
1.983E+04   2.192E+01  9.499E-03 
2.000E+04   2.180E+01  9.430E-03 
