Ion = Hydrogen    , Mass = 1.008
Tgt = Al (Solid), Density = 2.702 g/cm3
Stopping Units = MeV/mm       
Energy(keV)  S(Elec)    S(Nuc)
5.000E+00   5.440E+01  1.628E+00 
5.042E+00   5.461E+01  1.621E+00 
5.084E+00   5.482E+01  1.614E+00 
5.126E+00   5.503E+01  1.608E+00 
5.169E+00   5.524E+01  1.601E+00 
5.212E+00   5.545E+01  1.595E+00 
5.255E+00   5.567E+01  1.588E+00 
5.299E+00   5.588E+01  1.581E+00 
5.343E+00   5.610E+01  1.575E+00 
5.388E+00   5.632E+01  1.568E+00 
5.433E+00   5.654E+01  1.562E+00 
5.478E+00   5.676E+01  1.555E+00 
5.524E+00   5.698E+01  1.549E+00 
5.570E+00   5.720E+01  1.542E+00 
5.616E+00   5.742E+01  1.536E+00 
5.663E+00   5.765E+01  1.529E+00 
5.710E+00   5.787E+01  1.523E+00 
5.758E+00   5.810E+01  1.516E+00 
5.806E+00   5.832E+01  1.510E+00 
5.854E+00   5.855E+01  1.503E+00 
5.903E+00   5.878E+01  1.497E+00 
5.952E+00   5.901E+01  1.490E+00 
6.002E+00   5.925E+01  1.484E+00 
6.052E+00   5.948E+01  1.478E+00 
6.102E+00   5.971E+01  1.471E+00 
6.153E+00   5.995E+01  1.465E+00 
6.205E+00   6.018E+01  1.458E+00 
6.256E+00   6.042E+01  1.452E+00 
6.309E+00   6.066E+01  1.446E+00 
6.361E+00   6.090E+01  1.440E+00 
6.414E+00   6.114E+01  1.433E+00 
6.468E+00   6.138E+01  1.427E+00 
6.522E+00   6.163E+01  1.421E+00 
6.576E+00   6.187E+01  1.414E+00 
6.631E+00   6.211E+01  1.408E+00 
6.686E+00   6.236E+01  1.402E+00 
6.742E+00   6.261E+01  1.396E+00 
6.798E+00   6.286E+01  1.389E+00 
6.855E+00   6.311E+01  1.383E+00 
6.912E+00   6.336E+01  1.377E+00 
6.969E+00   6.361E+01  1.371E+00 
7.028E+00   6.386E+01  1.365E+00 
7.086E+00   6.411E+01  1.359E+00 
7.145E+00   6.437E+01  1.352E+00 
7.205E+00   6.463E+01  1.346E+00 
7.265E+00   6.488E+01  1.340E+00 
7.325E+00   6.514E+01  1.334E+00 
7.386E+00   6.540E+01  1.328E+00 
7.448E+00   6.566E+01  1.322E+00 
7.510E+00   6.592E+01  1.316E+00 
7.573E+00   6.619E+01  1.310E+00 
7.636E+00   6.645E+01  1.304E+00 
7.700E+00   6.672E+01  1.298E+00 
7.764E+00   6.698E+01  1.292E+00 
7.828E+00   6.724E+01  1.286E+00 
7.894E+00   6.752E+01  1.280E+00 
7.960E+00   6.779E+01  1.274E+00 
8.026E+00   6.805E+01  1.268E+00 
8.093E+00   6.833E+01  1.262E+00 
8.160E+00   6.860E+01  1.256E+00 
8.228E+00   6.887E+01  1.251E+00 
8.297E+00   6.914E+01  1.245E+00 
8.366E+00   6.942E+01  1.239E+00 
8.436E+00   6.970E+01  1.233E+00 
8.506E+00   6.997E+01  1.227E+00 
8.577E+00   7.025E+01  1.221E+00 
8.649E+00   7.053E+01  1.216E+00 
8.721E+00   7.081E+01  1.210E+00 
8.793E+00   7.109E+01  1.204E+00 
8.867E+00   7.137E+01  1.198E+00 
8.941E+00   7.166E+01  1.193E+00 
9.015E+00   7.194E+01  1.187E+00 
9.090E+00   7.222E+01  1.181E+00 
9.166E+00   7.251E+01  1.176E+00 
9.242E+00   7.280E+01  1.170E+00 
9.320E+00   7.309E+01  1.164E+00 
9.397E+00   7.337E+01  1.159E+00 
9.476E+00   7.367E+01  1.153E+00 
9.555E+00   7.396E+01  1.148E+00 
9.634E+00   7.425E+01  1.142E+00 
9.715E+00   7.454E+01  1.136E+00 
9.796E+00   7.483E+01  1.131E+00 
9.877E+00   7.512E+01  1.125E+00 
9.960E+00   7.542E+01  1.120E+00 
1.004E+01   7.572E+01  1.114E+00 
1.013E+01   7.601E+01  1.109E+00 
1.021E+01   7.631E+01  1.104E+00 
1.030E+01   7.661E+01  1.098E+00 
1.038E+01   7.691E+01  1.093E+00 
1.047E+01   7.721E+01  1.087E+00 
1.056E+01   7.751E+01  1.082E+00 
1.064E+01   7.781E+01  1.077E+00 
1.073E+01   7.811E+01  1.071E+00 
1.082E+01   7.841E+01  1.066E+00 
1.091E+01   7.872E+01  1.061E+00 
1.100E+01   7.902E+01  1.055E+00 
1.110E+01   7.933E+01  1.050E+00 
1.119E+01   7.963E+01  1.045E+00 
1.128E+01   7.993E+01  1.040E+00 
1.137E+01   8.024E+01  1.035E+00 
1.147E+01   8.055E+01  1.029E+00 
1.157E+01   8.086E+01  1.024E+00 
1.166E+01   8.117E+01  1.019E+00 
1.176E+01   8.148E+01  1.014E+00 
1.186E+01   8.179E+01  1.009E+00 
1.196E+01   8.210E+01  1.004E+00 
1.206E+01   8.241E+01  9.985E-01 
1.216E+01   8.272E+01  9.934E-01 
1.226E+01   8.303E+01  9.884E-01 
1.236E+01   8.334E+01  9.834E-01 
1.246E+01   8.366E+01  9.783E-01 
1.257E+01   8.397E+01  9.733E-01 
1.267E+01   8.429E+01  9.684E-01 
1.278E+01   8.460E+01  9.634E-01 
1.288E+01   8.491E+01  9.585E-01 
1.299E+01   8.523E+01  9.536E-01 
1.310E+01   8.555E+01  9.486E-01 
1.321E+01   8.586E+01  9.437E-01 
1.332E+01   8.618E+01  9.389E-01 
1.343E+01   8.650E+01  9.340E-01 
1.354E+01   8.681E+01  9.292E-01 
1.365E+01   8.713E+01  9.244E-01 
1.377E+01   8.745E+01  9.196E-01 
1.388E+01   8.777E+01  9.148E-01 
1.400E+01   8.808E+01  9.100E-01 
1.412E+01   8.840E+01  9.053E-01 
1.423E+01   8.872E+01  9.005E-01 
1.435E+01   8.904E+01  8.958E-01 
1.447E+01   8.936E+01  8.911E-01 
1.459E+01   8.968E+01  8.865E-01 
1.471E+01   9.000E+01  8.818E-01 
1.484E+01   9.032E+01  8.772E-01 
1.496E+01   9.064E+01  8.725E-01 
1.508E+01   9.096E+01  8.680E-01 
1.521E+01   9.128E+01  8.634E-01 
1.534E+01   9.160E+01  8.588E-01 
1.547E+01   9.192E+01  8.543E-01 
1.559E+01   9.224E+01  8.497E-01 
1.572E+01   9.256E+01  8.452E-01 
1.586E+01   9.288E+01  8.407E-01 
1.599E+01   9.320E+01  8.363E-01 
1.612E+01   9.352E+01  8.318E-01 
1.626E+01   9.384E+01  8.273E-01 
1.639E+01   9.416E+01  8.229E-01 
1.653E+01   9.448E+01  8.185E-01 
1.666E+01   9.480E+01  8.142E-01 
1.680E+01   9.512E+01  8.098E-01 
1.694E+01   9.544E+01  8.055E-01 
1.709E+01   9.576E+01  8.011E-01 
1.723E+01   9.608E+01  7.968E-01 
1.737E+01   9.640E+01  7.925E-01 
1.752E+01   9.672E+01  7.882E-01 
1.766E+01   9.703E+01  7.839E-01 
1.781E+01   9.735E+01  7.797E-01 
1.796E+01   9.767E+01  7.755E-01 
1.811E+01   9.798E+01  7.713E-01 
1.826E+01   9.830E+01  7.671E-01 
1.841E+01   9.862E+01  7.629E-01 
1.856E+01   9.893E+01  7.588E-01 
1.872E+01   9.925E+01  7.546E-01 
1.888E+01   9.956E+01  7.505E-01 
1.903E+01   9.988E+01  7.464E-01 
1.919E+01   1.002E+02  7.423E-01 
1.935E+01   1.005E+02  7.382E-01 
1.951E+01   1.008E+02  7.342E-01 
1.968E+01   1.011E+02  7.302E-01 
1.984E+01   1.014E+02  7.261E-01 
2.000E+01   1.017E+02  7.221E-01 
2.017E+01   1.021E+02  7.182E-01 
2.034E+01   1.024E+02  7.142E-01 
2.051E+01   1.027E+02  7.103E-01 
2.068E+01   1.030E+02  7.063E-01 
2.085E+01   1.033E+02  7.024E-01 
2.103E+01   1.036E+02  6.985E-01 
2.120E+01   1.039E+02  6.947E-01 
2.138E+01   1.042E+02  6.908E-01 
2.156E+01   1.045E+02  6.869E-01 
2.174E+01   1.048E+02  6.831E-01 
2.192E+01   1.051E+02  6.793E-01 
2.210E+01   1.054E+02  6.755E-01 
2.228E+01   1.057E+02  6.717E-01 
2.247E+01   1.060E+02  6.680E-01 
2.266E+01   1.063E+02  6.643E-01 
2.285E+01   1.066E+02  6.605E-01 
2.304E+01   1.069E+02  6.568E-01 
2.323E+01   1.072E+02  6.531E-01 
2.342E+01   1.075E+02  6.495E-01 
2.362E+01   1.078E+02  6.458E-01 
2.381E+01   1.081E+02  6.422E-01 
2.401E+01   1.084E+02  6.385E-01 
2.421E+01   1.086E+02  6.349E-01 
2.442E+01   1.089E+02  6.313E-01 
2.462E+01   1.092E+02  6.278E-01 
2.482E+01   1.095E+02  6.242E-01 
2.503E+01   1.098E+02  6.207E-01 
2.524E+01   1.101E+02  6.172E-01 
2.545E+01   1.103E+02  6.136E-01 
2.566E+01   1.106E+02  6.101E-01 
2.588E+01   1.109E+02  6.067E-01 
2.609E+01   1.112E+02  6.032E-01 
2.631E+01   1.114E+02  5.998E-01 
2.653E+01   1.117E+02  5.964E-01 
2.675E+01   1.120E+02  5.929E-01 
2.697E+01   1.123E+02  5.896E-01 
2.720E+01   1.125E+02  5.862E-01 
2.742E+01   1.128E+02  5.828E-01 
2.765E+01   1.130E+02  5.795E-01 
2.788E+01   1.133E+02  5.761E-01 
2.812E+01   1.136E+02  5.728E-01 
2.835E+01   1.138E+02  5.695E-01 
2.859E+01   1.141E+02  5.662E-01 
2.883E+01   1.143E+02  5.630E-01 
2.907E+01   1.146E+02  5.597E-01 
2.931E+01   1.148E+02  5.565E-01 
2.955E+01   1.151E+02  5.533E-01 
2.980E+01   1.153E+02  5.501E-01 
3.005E+01   1.156E+02  5.469E-01 
3.030E+01   1.158E+02  5.437E-01 
3.055E+01   1.161E+02  5.405E-01 
3.080E+01   1.163E+02  5.374E-01 
3.106E+01   1.165E+02  5.343E-01 
3.132E+01   1.168E+02  5.312E-01 
3.158E+01   1.170E+02  5.281E-01 
3.184E+01   1.172E+02  5.250E-01 
3.211E+01   1.175E+02  5.219E-01 
3.238E+01   1.177E+02  5.189E-01 
3.265E+01   1.179E+02  5.158E-01 
3.292E+01   1.181E+02  5.128E-01 
3.319E+01   1.184E+02  5.098E-01 
3.347E+01   1.186E+02  5.068E-01 
3.375E+01   1.188E+02  5.039E-01 
3.403E+01   1.190E+02  5.009E-01 
3.432E+01   1.192E+02  4.979E-01 
3.460E+01   1.194E+02  4.950E-01 
3.489E+01   1.196E+02  4.828E-01 
3.518E+01   1.198E+02  4.800E-01 
3.547E+01   1.200E+02  4.772E-01 
3.577E+01   1.202E+02  4.744E-01 
3.607E+01   1.204E+02  4.716E-01 
3.637E+01   1.206E+02  4.688E-01 
3.667E+01   1.208E+02  4.661E-01 
3.698E+01   1.210E+02  4.633E-01 
3.729E+01   1.212E+02  4.606E-01 
3.760E+01   1.214E+02  4.579E-01 
3.791E+01   1.215E+02  4.552E-01 
3.823E+01   1.217E+02  4.525E-01 
3.855E+01   1.219E+02  4.498E-01 
3.887E+01   1.221E+02  4.472E-01 
3.919E+01   1.222E+02  4.445E-01 
3.952E+01   1.224E+02  4.419E-01 
3.985E+01   1.225E+02  4.393E-01 
4.018E+01   1.227E+02  4.367E-01 
4.051E+01   1.229E+02  4.341E-01 
4.085E+01   1.230E+02  4.315E-01 
4.119E+01   1.232E+02  4.289E-01 
4.154E+01   1.233E+02  4.264E-01 
4.188E+01   1.235E+02  4.238E-01 
4.223E+01   1.236E+02  4.213E-01 
4.258E+01   1.238E+02  4.188E-01 
4.294E+01   1.239E+02  4.163E-01 
4.330E+01   1.240E+02  4.138E-01 
4.366E+01   1.242E+02  4.113E-01 
4.402E+01   1.243E+02  4.088E-01 
4.439E+01   1.244E+02  4.064E-01 
4.476E+01   1.245E+02  4.039E-01 
4.513E+01   1.246E+02  4.015E-01 
4.551E+01   1.248E+02  3.991E-01 
4.589E+01   1.249E+02  3.967E-01 
4.627E+01   1.250E+02  3.943E-01 
4.666E+01   1.251E+02  3.919E-01 
4.704E+01   1.252E+02  3.895E-01 
4.744E+01   1.253E+02  3.872E-01 
4.783E+01   1.254E+02  3.848E-01 
4.823E+01   1.255E+02  3.825E-01 
4.863E+01   1.256E+02  3.802E-01 
4.904E+01   1.257E+02  3.779E-01 
4.945E+01   1.258E+02  3.756E-01 
4.986E+01   1.258E+02  3.733E-01 
5.027E+01   1.259E+02  3.711E-01 
5.069E+01   1.260E+02  3.688E-01 
5.112E+01   1.261E+02  3.666E-01 
5.154E+01   1.261E+02  3.643E-01 
5.197E+01   1.262E+02  3.621E-01 
5.241E+01   1.263E+02  3.599E-01 
5.284E+01   1.263E+02  3.577E-01 
5.328E+01   1.264E+02  3.555E-01 
5.373E+01   1.264E+02  3.533E-01 
5.418E+01   1.265E+02  3.512E-01 
5.463E+01   1.265E+02  3.490E-01 
5.508E+01   1.266E+02  3.469E-01 
5.554E+01   1.266E+02  3.448E-01 
5.600E+01   1.267E+02  3.426E-01 
5.647E+01   1.267E+02  3.405E-01 
5.694E+01   1.267E+02  3.384E-01 
5.742E+01   1.268E+02  3.364E-01 
5.790E+01   1.268E+02  3.343E-01 
5.838E+01   1.268E+02  3.322E-01 
5.886E+01   1.268E+02  3.302E-01 
5.936E+01   1.268E+02  3.281E-01 
5.985E+01   1.268E+02  3.261E-01 
6.035E+01   1.269E+02  3.241E-01 
6.085E+01   1.269E+02  3.221E-01 
6.136E+01   1.269E+02  3.201E-01 
6.187E+01   1.269E+02  3.181E-01 
6.239E+01   1.269E+02  3.161E-01 
6.291E+01   1.268E+02  3.142E-01 
6.343E+01   1.268E+02  3.122E-01 
6.396E+01   1.268E+02  3.103E-01 
6.449E+01   1.268E+02  3.084E-01 
6.503E+01   1.268E+02  3.065E-01 
6.557E+01   1.268E+02  3.045E-01 
6.612E+01   1.267E+02  3.026E-01 
6.667E+01   1.267E+02  3.008E-01 
6.723E+01   1.267E+02  2.989E-01 
6.779E+01   1.266E+02  2.970E-01 
6.835E+01   1.266E+02  2.952E-01 
6.892E+01   1.265E+02  2.933E-01 
6.950E+01   1.265E+02  2.915E-01 
7.008E+01   1.265E+02  2.897E-01 
7.066E+01   1.264E+02  2.879E-01 
7.125E+01   1.263E+02  2.861E-01 
7.184E+01   1.263E+02  2.843E-01 
7.244E+01   1.262E+02  2.825E-01 
7.305E+01   1.262E+02  2.807E-01 
7.366E+01   1.261E+02  2.789E-01 
7.427E+01   1.260E+02  2.772E-01 
7.489E+01   1.259E+02  2.754E-01 
7.551E+01   1.259E+02  2.737E-01 
7.614E+01   1.258E+02  2.720E-01 
7.678E+01   1.257E+02  2.703E-01 
7.742E+01   1.256E+02  2.686E-01 
7.806E+01   1.255E+02  2.669E-01 
7.871E+01   1.254E+02  2.652E-01 
7.937E+01   1.253E+02  2.635E-01 
8.003E+01   1.252E+02  2.619E-01 
8.070E+01   1.251E+02  2.602E-01 
8.137E+01   1.250E+02  2.586E-01 
8.205E+01   1.249E+02  2.569E-01 
8.273E+01   1.248E+02  2.553E-01 
8.342E+01   1.247E+02  2.537E-01 
8.412E+01   1.246E+02  2.521E-01 
8.482E+01   1.245E+02  2.505E-01 
8.553E+01   1.244E+02  2.489E-01 
8.624E+01   1.242E+02  2.473E-01 
8.696E+01   1.241E+02  2.457E-01 
8.769E+01   1.240E+02  2.442E-01 
8.842E+01   1.238E+02  2.426E-01 
8.915E+01   1.237E+02  2.411E-01 
8.990E+01   1.236E+02  2.395E-01 
9.065E+01   1.234E+02  2.380E-01 
9.140E+01   1.233E+02  2.365E-01 
9.216E+01   1.231E+02  2.350E-01 
9.293E+01   1.230E+02  2.335E-01 
9.371E+01   1.228E+02  2.320E-01 
9.449E+01   1.227E+02  2.305E-01 
9.528E+01   1.225E+02  2.290E-01 
9.607E+01   1.224E+02  2.276E-01 
9.687E+01   1.222E+02  2.261E-01 
9.768E+01   1.220E+02  2.247E-01 
9.849E+01   1.219E+02  2.232E-01 
9.931E+01   1.217E+02  2.218E-01 
1.001E+02   1.215E+02  2.204E-01 
1.010E+02   1.214E+02  2.189E-01 
1.018E+02   1.212E+02  2.175E-01 
1.027E+02   1.210E+02  2.161E-01 
1.035E+02   1.208E+02  2.147E-01 
1.044E+02   1.206E+02  2.134E-01 
1.053E+02   1.205E+02  2.120E-01 
1.061E+02   1.203E+02  2.106E-01 
1.070E+02   1.201E+02  2.093E-01 
1.079E+02   1.199E+02  2.079E-01 
1.088E+02   1.197E+02  2.066E-01 
1.097E+02   1.195E+02  2.052E-01 
1.106E+02   1.193E+02  2.039E-01 
1.116E+02   1.191E+02  2.026E-01 
1.125E+02   1.189E+02  2.013E-01 
1.134E+02   1.187E+02  2.000E-01 
1.144E+02   1.185E+02  1.987E-01 
1.153E+02   1.183E+02  1.974E-01 
1.163E+02   1.180E+02  1.961E-01 
1.173E+02   1.178E+02  1.949E-01 
1.182E+02   1.176E+02  1.936E-01 
1.192E+02   1.174E+02  1.923E-01 
1.202E+02   1.172E+02  1.911E-01 
1.212E+02   1.170E+02  1.899E-01 
1.222E+02   1.167E+02  1.886E-01 
1.232E+02   1.165E+02  1.874E-01 
1.243E+02   1.163E+02  1.862E-01 
1.253E+02   1.160E+02  1.850E-01 
1.264E+02   1.158E+02  1.838E-01 
1.274E+02   1.156E+02  1.826E-01 
1.285E+02   1.153E+02  1.814E-01 
1.295E+02   1.151E+02  1.802E-01 
1.306E+02   1.149E+02  1.790E-01 
1.317E+02   1.146E+02  1.778E-01 
1.328E+02   1.144E+02  1.767E-01 
1.339E+02   1.141E+02  1.755E-01 
1.350E+02   1.139E+02  1.744E-01 
1.362E+02   1.136E+02  1.732E-01 
1.373E+02   1.134E+02  1.721E-01 
1.384E+02   1.131E+02  1.710E-01 
1.396E+02   1.129E+02  1.699E-01 
1.408E+02   1.126E+02  1.688E-01 
1.419E+02   1.124E+02  1.677E-01 
1.431E+02   1.121E+02  1.666E-01 
1.443E+02   1.119E+02  1.655E-01 
1.455E+02   1.116E+02  1.644E-01 
1.467E+02   1.113E+02  1.633E-01 
1.479E+02   1.111E+02  1.622E-01 
1.492E+02   1.108E+02  1.612E-01 
1.504E+02   1.105E+02  1.601E-01 
1.517E+02   1.103E+02  1.590E-01 
1.529E+02   1.100E+02  1.580E-01 
1.542E+02   1.097E+02  1.570E-01 
1.555E+02   1.095E+02  1.559E-01 
1.568E+02   1.092E+02  1.549E-01 
1.581E+02   1.089E+02  1.539E-01 
1.594E+02   1.086E+02  1.529E-01 
1.607E+02   1.084E+02  1.519E-01 
1.621E+02   1.081E+02  1.509E-01 
1.634E+02   1.078E+02  1.499E-01 
1.648E+02   1.075E+02  1.489E-01 
1.662E+02   1.073E+02  1.479E-01 
1.676E+02   1.070E+02  1.469E-01 
1.690E+02   1.067E+02  1.459E-01 
1.704E+02   1.064E+02  1.450E-01 
1.718E+02   1.061E+02  1.440E-01 
1.732E+02   1.058E+02  1.431E-01 
1.747E+02   1.056E+02  1.421E-01 
1.761E+02   1.053E+02  1.412E-01 
1.776E+02   1.050E+02  1.402E-01 
1.791E+02   1.047E+02  1.393E-01 
1.806E+02   1.044E+02  1.384E-01 
1.821E+02   1.041E+02  1.375E-01 
1.836E+02   1.038E+02  1.366E-01 
1.851E+02   1.035E+02  1.356E-01 
1.867E+02   1.032E+02  1.347E-01 
1.882E+02   1.029E+02  1.338E-01 
1.898E+02   1.027E+02  1.330E-01 
1.914E+02   1.024E+02  1.321E-01 
1.930E+02   1.021E+02  1.312E-01 
1.946E+02   1.018E+02  1.303E-01 
1.962E+02   1.015E+02  1.295E-01 
1.978E+02   1.012E+02  1.286E-01 
1.995E+02   1.009E+02  1.277E-01 
2.011E+02   1.006E+02  1.269E-01 
2.028E+02   1.003E+02  1.260E-01 
2.045E+02   9.997E+01  1.252E-01 
2.062E+02   9.967E+01  1.244E-01 
2.079E+02   9.937E+01  1.235E-01 
2.097E+02   9.907E+01  1.227E-01 
2.114E+02   9.877E+01  1.219E-01 
2.132E+02   9.847E+01  1.211E-01 
2.150E+02   9.817E+01  1.203E-01 
2.167E+02   9.786E+01  1.195E-01 
2.185E+02   9.756E+01  1.187E-01 
2.204E+02   9.726E+01  1.179E-01 
2.222E+02   9.695E+01  1.171E-01 
2.241E+02   9.665E+01  1.163E-01 
2.259E+02   9.634E+01  1.155E-01 
2.278E+02   9.604E+01  1.147E-01 
2.297E+02   9.573E+01  1.140E-01 
2.316E+02   9.543E+01  1.132E-01 
2.336E+02   9.512E+01  1.124E-01 
2.355E+02   9.481E+01  1.117E-01 
2.375E+02   9.451E+01  1.109E-01 
2.394E+02   9.420E+01  1.102E-01 
2.414E+02   9.389E+01  1.094E-01 
2.435E+02   9.359E+01  1.087E-01 
2.455E+02   9.328E+01  1.080E-01 
2.475E+02   9.297E+01  1.073E-01 
2.496E+02   9.266E+01  1.065E-01 
2.517E+02   9.236E+01  1.058E-01 
2.538E+02   9.205E+01  1.051E-01 
2.559E+02   9.174E+01  1.044E-01 
2.580E+02   9.143E+01  1.037E-01 
2.602E+02   9.113E+01  1.030E-01 
2.623E+02   9.082E+01  1.023E-01 
2.645E+02   9.051E+01  1.016E-01 
2.667E+02   9.020E+01  1.009E-01 
2.690E+02   8.990E+01  1.002E-01 
2.712E+02   8.959E+01  9.956E-02 
2.735E+02   8.928E+01  9.889E-02 
2.757E+02   8.897E+01  9.822E-02 
2.780E+02   8.866E+01  9.755E-02 
2.804E+02   8.836E+01  9.689E-02 
2.827E+02   8.805E+01  9.624E-02 
2.851E+02   8.774E+01  9.559E-02 
2.874E+02   8.743E+01  9.494E-02 
2.898E+02   8.713E+01  9.430E-02 
2.922E+02   8.682E+01  9.366E-02 
2.947E+02   8.651E+01  9.302E-02 
2.971E+02   8.621E+01  9.239E-02 
2.996E+02   8.590E+01  9.176E-02 
3.021E+02   8.559E+01  9.114E-02 
3.046E+02   8.529E+01  9.052E-02 
3.072E+02   8.498E+01  8.991E-02 
3.097E+02   8.468E+01  8.930E-02 
3.123E+02   8.437E+01  8.869E-02 
3.149E+02   8.407E+01  8.809E-02 
3.175E+02   8.376E+01  8.749E-02 
3.202E+02   8.346E+01  8.689E-02 
3.229E+02   8.315E+01  8.630E-02 
3.256E+02   8.285E+01  8.572E-02 
3.283E+02   8.255E+01  8.513E-02 
3.310E+02   8.224E+01  8.455E-02 
3.338E+02   8.194E+01  8.398E-02 
3.365E+02   8.164E+01  8.340E-02 
3.394E+02   8.133E+01  8.284E-02 
3.422E+02   8.103E+01  8.227E-02 
3.450E+02   8.073E+01  8.171E-02 
3.479E+02   8.043E+01  8.115E-02 
3.508E+02   8.013E+01  8.060E-02 
3.537E+02   7.983E+01  8.005E-02 
3.567E+02   7.953E+01  7.950E-02 
3.597E+02   7.923E+01  7.896E-02 
3.627E+02   7.893E+01  7.842E-02 
3.657E+02   7.863E+01  7.788E-02 
3.687E+02   7.833E+01  7.735E-02 
3.718E+02   7.804E+01  7.682E-02 
3.749E+02   7.774E+01  7.630E-02 
3.780E+02   7.744E+01  7.578E-02 
3.812E+02   7.714E+01  7.526E-02 
3.844E+02   7.685E+01  7.474E-02 
3.876E+02   7.655E+01  7.423E-02 
3.908E+02   7.626E+01  7.372E-02 
3.940E+02   7.596E+01  7.322E-02 
3.973E+02   7.567E+01  7.271E-02 
4.006E+02   7.538E+01  7.222E-02 
4.040E+02   7.508E+01  7.172E-02 
4.074E+02   7.479E+01  7.123E-02 
4.108E+02   7.450E+01  7.074E-02 
4.142E+02   7.421E+01  7.025E-02 
4.176E+02   7.392E+01  6.977E-02 
4.211E+02   7.363E+01  6.929E-02 
4.246E+02   7.334E+01  6.882E-02 
4.282E+02   7.305E+01  6.834E-02 
4.317E+02   7.276E+01  6.787E-02 
4.353E+02   7.247E+01  6.741E-02 
4.390E+02   7.219E+01  6.694E-02 
4.426E+02   7.190E+01  6.648E-02 
4.463E+02   7.161E+01  6.602E-02 
4.500E+02   7.133E+01  6.557E-02 
4.538E+02   7.104E+01  6.512E-02 
4.576E+02   7.076E+01  6.467E-02 
4.614E+02   7.048E+01  6.422E-02 
4.652E+02   7.019E+01  6.378E-02 
4.691E+02   6.991E+01  6.334E-02 
4.730E+02   6.963E+01  6.291E-02 
4.770E+02   6.935E+01  6.247E-02 
4.809E+02   6.907E+01  6.204E-02 
4.849E+02   6.879E+01  6.161E-02 
4.890E+02   6.851E+01  6.119E-02 
4.931E+02   6.823E+01  6.076E-02 
4.972E+02   6.795E+01  6.034E-02 
5.013E+02   6.768E+01  5.993E-02 
5.055E+02   6.740E+01  5.951E-02 
5.097E+02   6.712E+01  5.910E-02 
5.140E+02   6.685E+01  5.869E-02 
5.182E+02   6.658E+01  5.829E-02 
5.226E+02   6.630E+01  5.788E-02 
5.269E+02   6.603E+01  5.748E-02 
5.313E+02   6.576E+01  5.709E-02 
5.357E+02   6.549E+01  5.669E-02 
5.402E+02   6.521E+01  5.630E-02 
5.447E+02   6.494E+01  5.591E-02 
5.493E+02   6.468E+01  5.552E-02 
5.538E+02   6.441E+01  5.514E-02 
5.585E+02   6.414E+01  5.475E-02 
5.631E+02   6.387E+01  5.437E-02 
5.678E+02   6.361E+01  5.400E-02 
5.725E+02   6.334E+01  5.362E-02 
5.773E+02   6.308E+01  5.325E-02 
5.821E+02   6.281E+01  5.288E-02 
5.870E+02   6.255E+01  5.251E-02 
5.919E+02   6.229E+01  5.215E-02 
5.968E+02   6.202E+01  5.179E-02 
6.018E+02   6.176E+01  5.143E-02 
6.068E+02   6.150E+01  5.107E-02 
6.119E+02   6.124E+01  5.071E-02 
6.170E+02   6.098E+01  5.036E-02 
6.221E+02   6.072E+01  5.001E-02 
6.273E+02   6.047E+01  4.966E-02 
6.325E+02   6.021E+01  4.932E-02 
6.378E+02   5.995E+01  4.897E-02 
6.431E+02   5.970E+01  4.863E-02 
6.485E+02   5.945E+01  4.829E-02 
6.539E+02   5.919E+01  4.796E-02 
6.593E+02   5.894E+01  4.762E-02 
6.648E+02   5.869E+01  4.729E-02 
6.704E+02   5.844E+01  4.696E-02 
6.760E+02   5.819E+01  4.663E-02 
6.816E+02   5.794E+01  4.631E-02 
6.873E+02   5.769E+01  4.599E-02 
6.930E+02   5.744E+01  4.567E-02 
6.988E+02   5.719E+01  4.535E-02 
7.046E+02   5.694E+01  4.503E-02 
7.105E+02   5.670E+01  4.472E-02 
7.164E+02   5.645E+01  4.440E-02 
7.224E+02   5.621E+01  4.409E-02 
7.284E+02   5.597E+01  4.379E-02 
7.345E+02   5.572E+01  4.348E-02 
7.406E+02   5.548E+01  4.318E-02 
7.468E+02   5.524E+01  4.287E-02 
7.530E+02   5.500E+01  4.257E-02 
7.593E+02   5.476E+01  4.228E-02 
7.656E+02   5.452E+01  4.198E-02 
7.720E+02   5.428E+01  4.169E-02 
7.784E+02   5.405E+01  4.139E-02 
7.849E+02   5.381E+01  4.110E-02 
7.915E+02   5.358E+01  4.082E-02 
7.981E+02   5.334E+01  4.053E-02 
8.047E+02   5.311E+01  4.025E-02 
8.114E+02   5.287E+01  3.996E-02 
8.182E+02   5.264E+01  3.968E-02 
8.250E+02   5.241E+01  3.941E-02 
8.319E+02   5.218E+01  3.913E-02 
8.388E+02   5.195E+01  3.885E-02 
8.458E+02   5.172E+01  3.858E-02 
8.529E+02   5.149E+01  3.831E-02 
8.600E+02   5.126E+01  3.804E-02 
8.671E+02   5.104E+01  3.778E-02 
8.744E+02   5.081E+01  3.751E-02 
8.817E+02   5.059E+01  3.725E-02 
8.890E+02   5.036E+01  3.698E-02 
8.964E+02   5.014E+01  3.672E-02 
9.039E+02   4.991E+01  3.647E-02 
9.114E+02   4.969E+01  3.621E-02 
9.190E+02   4.947E+01  3.596E-02 
9.267E+02   4.925E+01  3.570E-02 
9.344E+02   4.903E+01  3.545E-02 
9.422E+02   4.881E+01  3.520E-02 
9.501E+02   4.859E+01  3.495E-02 
9.580E+02   4.838E+01  3.471E-02 
9.660E+02   4.816E+01  3.446E-02 
9.740E+02   4.794E+01  3.422E-02 
9.821E+02   4.773E+01  3.398E-02 
9.903E+02   4.751E+01  3.374E-02 
9.986E+02   4.730E+01  3.350E-02 
1.007E+03   4.709E+01  3.327E-02 
1.015E+03   4.687E+01  3.303E-02 
1.024E+03   4.665E+01  3.280E-02 
1.032E+03   4.643E+01  3.257E-02 
1.041E+03   4.621E+01  3.234E-02 
1.050E+03   4.598E+01  3.211E-02 
1.058E+03   4.576E+01  3.188E-02 
1.067E+03   4.553E+01  3.166E-02 
1.076E+03   4.530E+01  3.143E-02 
1.085E+03   4.507E+01  3.121E-02 
1.094E+03   4.483E+01  3.099E-02 
1.103E+03   4.460E+01  3.077E-02 
1.112E+03   4.436E+01  3.056E-02 
1.122E+03   4.412E+01  3.034E-02 
1.131E+03   4.387E+01  3.013E-02 
1.140E+03   4.363E+01  2.991E-02 
1.150E+03   4.338E+01  2.970E-02 
1.160E+03   4.314E+01  2.949E-02 
1.169E+03   4.289E+01  2.928E-02 
1.179E+03   4.263E+01  2.907E-02 
1.189E+03   4.238E+01  2.887E-02 
1.199E+03   4.212E+01  2.866E-02 
1.209E+03   4.186E+01  2.846E-02 
1.219E+03   4.164E+01  2.826E-02 
1.229E+03   4.142E+01  2.806E-02 
1.239E+03   4.120E+01  2.786E-02 
1.250E+03   4.098E+01  2.766E-02 
1.260E+03   4.076E+01  2.747E-02 
1.270E+03   4.054E+01  2.727E-02 
1.281E+03   4.032E+01  2.708E-02 
1.292E+03   4.011E+01  2.689E-02 
1.302E+03   3.989E+01  2.670E-02 
1.313E+03   3.968E+01  2.651E-02 
1.324E+03   3.946E+01  2.632E-02 
1.335E+03   3.925E+01  2.613E-02 
1.346E+03   3.904E+01  2.595E-02 
1.358E+03   3.883E+01  2.576E-02 
1.369E+03   3.862E+01  2.558E-02 
1.380E+03   3.841E+01  2.540E-02 
1.392E+03   3.820E+01  2.522E-02 
1.404E+03   3.799E+01  2.504E-02 
1.415E+03   3.779E+01  2.486E-02 
1.427E+03   3.758E+01  2.468E-02 
1.439E+03   3.738E+01  2.451E-02 
1.451E+03   3.717E+01  2.433E-02 
1.463E+03   3.697E+01  2.416E-02 
1.475E+03   3.677E+01  2.399E-02 
1.487E+03   3.656E+01  2.382E-02 
1.500E+03   3.636E+01  2.365E-02 
1.512E+03   3.616E+01  2.348E-02 
1.525E+03   3.596E+01  2.331E-02 
1.538E+03   3.577E+01  2.315E-02 
1.551E+03   3.557E+01  2.298E-02 
1.563E+03   3.537E+01  2.282E-02 
1.577E+03   3.518E+01  2.266E-02 
1.590E+03   3.498E+01  2.249E-02 
1.603E+03   3.479E+01  2.233E-02 
1.616E+03   3.460E+01  2.217E-02 
1.630E+03   3.440E+01  2.202E-02 
1.643E+03   3.421E+01  2.186E-02 
1.657E+03   3.402E+01  2.170E-02 
1.671E+03   3.383E+01  2.155E-02 
1.685E+03   3.364E+01  2.139E-02 
1.699E+03   3.346E+01  2.124E-02 
1.713E+03   3.327E+01  2.109E-02 
1.727E+03   3.308E+01  2.094E-02 
1.742E+03   3.290E+01  2.079E-02 
1.756E+03   3.271E+01  2.064E-02 
1.771E+03   3.253E+01  2.049E-02 
1.786E+03   3.235E+01  2.035E-02 
1.800E+03   3.216E+01  2.020E-02 
1.815E+03   3.198E+01  2.006E-02 
1.831E+03   3.180E+01  1.991E-02 
1.846E+03   3.162E+01  1.977E-02 
1.861E+03   3.144E+01  1.963E-02 
1.877E+03   3.127E+01  1.949E-02 
1.892E+03   3.109E+01  1.935E-02 
1.908E+03   3.091E+01  1.921E-02 
1.924E+03   3.074E+01  1.908E-02 
1.940E+03   3.056E+01  1.894E-02 
1.956E+03   3.039E+01  1.880E-02 
1.973E+03   3.022E+01  1.867E-02 
1.989E+03   3.005E+01  1.853E-02 
2.006E+03   2.988E+01  1.840E-02 
2.022E+03   2.971E+01  1.827E-02 
2.039E+03   2.954E+01  1.814E-02 
2.056E+03   2.937E+01  1.801E-02 
2.073E+03   2.920E+01  1.788E-02 
2.091E+03   2.903E+01  1.775E-02 
2.108E+03   2.887E+01  1.763E-02 
2.126E+03   2.870E+01  1.750E-02 
2.143E+03   2.854E+01  1.737E-02 
2.161E+03   2.837E+01  1.725E-02 
2.179E+03   2.821E+01  1.712E-02 
2.197E+03   2.805E+01  1.700E-02 
2.216E+03   2.789E+01  1.688E-02 
2.234E+03   2.773E+01  1.676E-02 
2.253E+03   2.757E+01  1.664E-02 
2.272E+03   2.741E+01  1.652E-02 
2.291E+03   2.725E+01  1.640E-02 
2.310E+03   2.709E+01  1.628E-02 
2.329E+03   2.694E+01  1.617E-02 
2.348E+03   2.678E+01  1.605E-02 
2.368E+03   2.662E+01  1.593E-02 
2.388E+03   2.647E+01  1.582E-02 
2.408E+03   2.632E+01  1.571E-02 
2.428E+03   2.616E+01  1.559E-02 
2.448E+03   2.601E+01  1.548E-02 
2.468E+03   2.586E+01  1.537E-02 
2.489E+03   2.571E+01  1.526E-02 
2.510E+03   2.556E+01  1.515E-02 
2.531E+03   2.541E+01  1.504E-02 
2.552E+03   2.526E+01  1.493E-02 
2.573E+03   2.512E+01  1.482E-02 
2.594E+03   2.497E+01  1.472E-02 
2.616E+03   2.482E+01  1.461E-02 
2.638E+03   2.468E+01  1.451E-02 
2.660E+03   2.453E+01  1.440E-02 
2.682E+03   2.439E+01  1.430E-02 
2.704E+03   2.425E+01  1.420E-02 
2.727E+03   2.411E+01  1.409E-02 
2.750E+03   2.396E+01  1.399E-02 
2.773E+03   2.382E+01  1.389E-02 
2.796E+03   2.368E+01  1.379E-02 
2.819E+03   2.354E+01  1.369E-02 
2.842E+03   2.341E+01  1.359E-02 
2.866E+03   2.327E+01  1.349E-02 
2.890E+03   2.313E+01  1.340E-02 
2.914E+03   2.299E+01  1.330E-02 
2.938E+03   2.286E+01  1.320E-02 
2.963E+03   2.272E+01  1.311E-02 
2.988E+03   2.259E+01  1.301E-02 
3.013E+03   2.246E+01  1.292E-02 
3.038E+03   2.232E+01  1.283E-02 
3.063E+03   2.219E+01  1.273E-02 
3.089E+03   2.206E+01  1.264E-02 
3.114E+03   2.193E+01  1.255E-02 
3.140E+03   2.180E+01  1.246E-02 
3.166E+03   2.167E+01  1.237E-02 
3.193E+03   2.154E+01  1.228E-02 
3.219E+03   2.141E+01  1.219E-02 
3.246E+03   2.128E+01  1.210E-02 
3.273E+03   2.116E+01  1.202E-02 
3.301E+03   2.103E+01  1.193E-02 
3.328E+03   2.091E+01  1.184E-02 
3.356E+03   2.078E+01  1.176E-02 
3.384E+03   2.066E+01  1.167E-02 
3.412E+03   2.053E+01  1.159E-02 
3.441E+03   2.041E+01  1.150E-02 
3.469E+03   2.029E+01  1.142E-02 
3.498E+03   2.017E+01  1.134E-02 
3.527E+03   2.005E+01  1.126E-02 
3.557E+03   1.993E+01  1.117E-02 
3.586E+03   1.981E+01  1.109E-02 
3.616E+03   1.969E+01  1.101E-02 
3.646E+03   1.957E+01  1.093E-02 
3.677E+03   1.945E+01  1.085E-02 
3.707E+03   1.933E+01  1.078E-02 
3.738E+03   1.922E+01  1.070E-02 
3.770E+03   1.910E+01  1.062E-02 
3.801E+03   1.899E+01  1.054E-02 
3.833E+03   1.887E+01  1.047E-02 
3.865E+03   1.876E+01  1.039E-02 
3.897E+03   1.865E+01  1.032E-02 
3.929E+03   1.853E+01  1.024E-02 
3.962E+03   1.842E+01  1.017E-02 
3.995E+03   1.831E+01  1.009E-02 
4.028E+03   1.820E+01  1.002E-02 
4.062E+03   1.809E+01  9.947E-03 
4.096E+03   1.798E+01  9.874E-03 
4.130E+03   1.787E+01  9.803E-03 
4.164E+03   1.776E+01  9.732E-03 
4.199E+03   1.765E+01  9.661E-03 
4.234E+03   1.755E+01  9.591E-03 
4.269E+03   1.744E+01  9.521E-03 
4.305E+03   1.733E+01  9.452E-03 
4.341E+03   1.723E+01  9.383E-03 
4.377E+03   1.712E+01  9.315E-03 
4.414E+03   1.702E+01  9.247E-03 
4.450E+03   1.692E+01  9.180E-03 
4.488E+03   1.681E+01  9.113E-03 
4.525E+03   1.671E+01  9.047E-03 
4.563E+03   1.661E+01  8.981E-03 
4.601E+03   1.651E+01  8.916E-03 
4.639E+03   1.641E+01  8.851E-03 
4.678E+03   1.630E+01  8.787E-03 
4.717E+03   1.621E+01  8.723E-03 
4.756E+03   1.611E+01  8.659E-03 
4.796E+03   1.601E+01  8.596E-03 
4.836E+03   1.591E+01  8.534E-03 
4.876E+03   1.581E+01  8.472E-03 
4.917E+03   1.571E+01  8.410E-03 
4.958E+03   1.562E+01  8.349E-03 
4.999E+03   1.552E+01  8.288E-03 
5.041E+03   1.543E+01  8.228E-03 
5.083E+03   1.533E+01  8.168E-03 
5.125E+03   1.524E+01  8.108E-03 
5.168E+03   1.514E+01  8.049E-03 
5.211E+03   1.505E+01  7.990E-03 
5.254E+03   1.496E+01  7.932E-03 
5.298E+03   1.487E+01  7.874E-03 
5.342E+03   1.477E+01  7.817E-03 
5.387E+03   1.468E+01  7.760E-03 
5.432E+03   1.459E+01  7.703E-03 
5.477E+03   1.450E+01  7.647E-03 
5.523E+03   1.441E+01  7.591E-03 
5.569E+03   1.432E+01  7.536E-03 
5.615E+03   1.423E+01  7.481E-03 
5.662E+03   1.415E+01  7.426E-03 
5.709E+03   1.406E+01  7.372E-03 
5.757E+03   1.397E+01  7.318E-03 
5.805E+03   1.388E+01  7.265E-03 
5.853E+03   1.380E+01  7.212E-03 
5.902E+03   1.371E+01  7.159E-03 
5.951E+03   1.363E+01  7.107E-03 
6.001E+03   1.354E+01  7.055E-03 
6.051E+03   1.346E+01  7.004E-03 
6.101E+03   1.337E+01  6.952E-03 
6.152E+03   1.329E+01  6.902E-03 
6.203E+03   1.321E+01  6.851E-03 
6.255E+03   1.313E+01  6.801E-03 
6.307E+03   1.304E+01  6.751E-03 
6.360E+03   1.296E+01  6.702E-03 
6.413E+03   1.288E+01  6.653E-03 
6.466E+03   1.280E+01  6.604E-03 
6.520E+03   1.272E+01  6.556E-03 
6.575E+03   1.264E+01  6.508E-03 
6.629E+03   1.256E+01  6.460E-03 
6.685E+03   1.248E+01  6.413E-03 
6.740E+03   1.241E+01  6.366E-03 
6.797E+03   1.233E+01  6.320E-03 
6.853E+03   1.225E+01  6.273E-03 
6.910E+03   1.217E+01  6.228E-03 
6.968E+03   1.210E+01  6.182E-03 
7.026E+03   1.202E+01  6.137E-03 
7.085E+03   1.195E+01  6.092E-03 
7.144E+03   1.187E+01  6.047E-03 
7.203E+03   1.180E+01  6.003E-03 
7.263E+03   1.172E+01  5.959E-03 
7.324E+03   1.165E+01  5.915E-03 
7.385E+03   1.158E+01  5.872E-03 
7.447E+03   1.150E+01  5.829E-03 
7.509E+03   1.143E+01  5.786E-03 
7.571E+03   1.136E+01  5.744E-03 
7.634E+03   1.129E+01  5.702E-03 
7.698E+03   1.122E+01  5.660E-03 
7.762E+03   1.115E+01  5.618E-03 
7.827E+03   1.107E+01  5.577E-03 
7.892E+03   1.100E+01  5.536E-03 
7.958E+03   1.094E+01  5.496E-03 
8.024E+03   1.087E+01  5.455E-03 
8.091E+03   1.080E+01  5.415E-03 
8.159E+03   1.073E+01  5.376E-03 
8.227E+03   1.066E+01  5.336E-03 
8.295E+03   1.059E+01  5.297E-03 
8.364E+03   1.053E+01  5.258E-03 
8.434E+03   1.046E+01  5.219E-03 
8.504E+03   1.039E+01  5.181E-03 
8.575E+03   1.033E+01  5.143E-03 
8.647E+03   1.026E+01  5.105E-03 
8.719E+03   1.020E+01  5.068E-03 
8.792E+03   1.013E+01  5.031E-03 
8.865E+03   1.007E+01  4.994E-03 
8.939E+03   1.000E+01  4.957E-03 
9.013E+03   9.941E+00  4.921E-03 
9.088E+03   9.877E+00  4.884E-03 
9.164E+03   9.815E+00  4.848E-03 
9.241E+03   9.752E+00  4.813E-03 
9.318E+03   9.690E+00  4.777E-03 
9.395E+03   9.628E+00  4.742E-03 
9.474E+03   9.567E+00  4.707E-03 
9.553E+03   9.506E+00  4.673E-03 
9.632E+03   9.445E+00  4.638E-03 
9.713E+03   9.385E+00  4.604E-03 
9.794E+03   9.325E+00  4.570E-03 
9.875E+03   9.266E+00  4.537E-03 
9.958E+03   9.207E+00  4.503E-03 
1.004E+04   9.148E+00  4.470E-03 
1.012E+04   9.089E+00  4.437E-03 
1.021E+04   9.031E+00  4.405E-03 
1.029E+04   8.974E+00  4.372E-03 
1.038E+04   8.916E+00  4.340E-03 
1.047E+04   8.859E+00  4.308E-03 
1.055E+04   8.802E+00  4.276E-03 
1.064E+04   8.746E+00  4.245E-03 
1.073E+04   8.690E+00  4.214E-03 
1.082E+04   8.634E+00  4.183E-03 
1.091E+04   8.579E+00  4.152E-03 
1.100E+04   8.524E+00  4.121E-03 
1.109E+04   8.469E+00  4.091E-03 
1.118E+04   8.415E+00  4.061E-03 
1.128E+04   8.361E+00  4.031E-03 
1.137E+04   8.307E+00  4.001E-03 
1.147E+04   8.254E+00  3.972E-03 
1.156E+04   8.201E+00  3.942E-03 
1.166E+04   8.148E+00  3.913E-03 
1.176E+04   8.096E+00  3.884E-03 
1.185E+04   8.044E+00  3.856E-03 
1.195E+04   7.992E+00  3.827E-03 
1.205E+04   7.941E+00  3.799E-03 
1.215E+04   7.890E+00  3.771E-03 
1.225E+04   7.839E+00  3.743E-03 
1.236E+04   7.788E+00  3.716E-03 
1.246E+04   7.738E+00  3.688E-03 
1.256E+04   7.688E+00  3.661E-03 
1.267E+04   7.639E+00  3.634E-03 
1.277E+04   7.589E+00  3.607E-03 
1.288E+04   7.541E+00  3.581E-03 
1.299E+04   7.492E+00  3.554E-03 
1.310E+04   7.444E+00  3.528E-03 
1.321E+04   7.395E+00  3.502E-03 
1.332E+04   7.348E+00  3.476E-03 
1.343E+04   7.300E+00  3.450E-03 
1.354E+04   7.253E+00  3.425E-03 
1.365E+04   7.206E+00  3.399E-03 
1.376E+04   7.160E+00  3.374E-03 
1.388E+04   7.113E+00  3.349E-03 
1.400E+04   7.067E+00  3.325E-03 
1.411E+04   7.022E+00  3.300E-03 
1.423E+04   6.976E+00  3.276E-03 
1.435E+04   6.931E+00  3.251E-03 
1.447E+04   6.886E+00  3.227E-03 
1.459E+04   6.842E+00  3.204E-03 
1.471E+04   6.797E+00  3.180E-03 
1.483E+04   6.753E+00  3.156E-03 
1.496E+04   6.710E+00  3.133E-03 
1.508E+04   6.666E+00  3.110E-03 
1.521E+04   6.623E+00  3.087E-03 
1.533E+04   6.580E+00  3.064E-03 
1.546E+04   6.537E+00  3.041E-03 
1.559E+04   6.495E+00  3.019E-03 
1.572E+04   6.453E+00  2.996E-03 
1.585E+04   6.411E+00  2.974E-03 
1.598E+04   6.369E+00  2.952E-03 
1.612E+04   6.328E+00  2.930E-03 
1.625E+04   6.287E+00  2.909E-03 
1.639E+04   6.246E+00  2.887E-03 
1.652E+04   6.206E+00  2.866E-03 
1.666E+04   6.165E+00  2.845E-03 
1.680E+04   6.125E+00  2.823E-03 
1.694E+04   6.085E+00  2.803E-03 
1.708E+04   6.046E+00  2.782E-03 
1.722E+04   6.007E+00  2.761E-03 
1.737E+04   5.967E+00  2.741E-03 
1.751E+04   5.929E+00  2.720E-03 
1.766E+04   5.890E+00  2.700E-03 
1.781E+04   5.852E+00  2.680E-03 
1.795E+04   5.814E+00  2.660E-03 
1.810E+04   5.776E+00  2.641E-03 
1.825E+04   5.738E+00  2.621E-03 
1.841E+04   5.701E+00  2.602E-03 
1.856E+04   5.664E+00  2.582E-03 
1.871E+04   5.627E+00  2.563E-03 
1.887E+04   5.590E+00  2.544E-03 
1.903E+04   5.554E+00  2.525E-03 
1.919E+04   5.518E+00  2.507E-03 
1.935E+04   5.482E+00  2.488E-03 
1.951E+04   5.446E+00  2.469E-03 
1.967E+04   5.411E+00  2.451E-03 
1.983E+04   5.375E+00  2.433E-03 
2.000E+04   5.340E+00  2.415E-03 
