Ion = Hydrogen    , Mass = 1.008
Tgt = Ni (Solid), Density = 16.601 g/cm3
Stopping Units = MeV/mm       
Energy(keV)  S(Elec)    S(Nuc)
5.000E+00   1.318E+02  5.866E+00 
5.042E+00   1.323E+02  5.850E+00 
5.084E+00   1.328E+02  5.833E+00 
5.126E+00   1.333E+02  5.817E+00 
5.169E+00   1.338E+02  5.801E+00 
5.212E+00   1.343E+02  5.784E+00 
5.255E+00   1.348E+02  5.768E+00 
5.299E+00   1.353E+02  5.751E+00 
5.343E+00   1.358E+02  5.735E+00 
5.388E+00   1.363E+02  5.718E+00 
5.433E+00   1.369E+02  5.701E+00 
5.478E+00   1.374E+02  5.685E+00 
5.524E+00   1.379E+02  5.668E+00 
5.570E+00   1.384E+02  5.651E+00 
5.616E+00   1.389E+02  5.635E+00 
5.663E+00   1.395E+02  5.618E+00 
5.710E+00   1.400E+02  5.601E+00 
5.758E+00   1.405E+02  5.584E+00 
5.806E+00   1.410E+02  5.567E+00 
5.854E+00   1.416E+02  5.550E+00 
5.903E+00   1.421E+02  5.534E+00 
5.952E+00   1.426E+02  5.517E+00 
6.002E+00   1.432E+02  5.500E+00 
6.052E+00   1.437E+02  5.483E+00 
6.102E+00   1.442E+02  5.466E+00 
6.153E+00   1.448E+02  5.449E+00 
6.205E+00   1.453E+02  5.432E+00 
6.256E+00   1.459E+02  5.415E+00 
6.309E+00   1.464E+02  5.398E+00 
6.361E+00   1.470E+02  5.381E+00 
6.414E+00   1.475E+02  5.364E+00 
6.468E+00   1.481E+02  5.346E+00 
6.522E+00   1.487E+02  5.329E+00 
6.576E+00   1.492E+02  5.312E+00 
6.631E+00   1.498E+02  5.295E+00 
6.686E+00   1.503E+02  5.278E+00 
6.742E+00   1.509E+02  5.261E+00 
6.798E+00   1.515E+02  5.244E+00 
6.855E+00   1.521E+02  5.227E+00 
6.912E+00   1.526E+02  5.209E+00 
6.969E+00   1.532E+02  5.192E+00 
7.028E+00   1.538E+02  5.175E+00 
7.086E+00   1.543E+02  5.158E+00 
7.145E+00   1.549E+02  5.141E+00 
7.205E+00   1.555E+02  5.123E+00 
7.265E+00   1.561E+02  5.106E+00 
7.325E+00   1.567E+02  5.089E+00 
7.386E+00   1.573E+02  5.072E+00 
7.448E+00   1.579E+02  5.055E+00 
7.510E+00   1.585E+02  5.037E+00 
7.573E+00   1.591E+02  5.020E+00 
7.636E+00   1.597E+02  5.003E+00 
7.700E+00   1.603E+02  4.985E+00 
7.764E+00   1.609E+02  4.968E+00 
7.828E+00   1.615E+02  4.951E+00 
7.894E+00   1.621E+02  4.934E+00 
7.960E+00   1.627E+02  4.916E+00 
8.026E+00   1.633E+02  4.899E+00 
8.093E+00   1.639E+02  4.882E+00 
8.160E+00   1.645E+02  4.865E+00 
8.228E+00   1.651E+02  4.848E+00 
8.297E+00   1.658E+02  4.830E+00 
8.366E+00   1.664E+02  4.813E+00 
8.436E+00   1.670E+02  4.796E+00 
8.506E+00   1.676E+02  4.779E+00 
8.577E+00   1.683E+02  4.761E+00 
8.649E+00   1.689E+02  4.744E+00 
8.721E+00   1.695E+02  4.727E+00 
8.793E+00   1.702E+02  4.710E+00 
8.867E+00   1.708E+02  4.692E+00 
8.941E+00   1.715E+02  4.675E+00 
9.015E+00   1.721E+02  4.658E+00 
9.090E+00   1.728E+02  4.641E+00 
9.166E+00   1.734E+02  4.624E+00 
9.242E+00   1.740E+02  4.606E+00 
9.320E+00   1.747E+02  4.589E+00 
9.397E+00   1.754E+02  4.572E+00 
9.476E+00   1.760E+02  4.555E+00 
9.555E+00   1.767E+02  4.538E+00 
9.634E+00   1.773E+02  4.521E+00 
9.715E+00   1.780E+02  4.503E+00 
9.796E+00   1.787E+02  4.486E+00 
9.877E+00   1.793E+02  4.469E+00 
9.960E+00   1.800E+02  4.452E+00 
1.004E+01   1.807E+02  4.435E+00 
1.013E+01   1.814E+02  4.418E+00 
1.021E+01   1.821E+02  4.401E+00 
1.030E+01   1.827E+02  4.384E+00 
1.038E+01   1.834E+02  4.367E+00 
1.047E+01   1.841E+02  4.350E+00 
1.056E+01   1.848E+02  4.333E+00 
1.064E+01   1.855E+02  4.316E+00 
1.073E+01   1.862E+02  4.299E+00 
1.082E+01   1.869E+02  4.282E+00 
1.091E+01   1.876E+02  4.265E+00 
1.100E+01   1.883E+02  4.249E+00 
1.110E+01   1.890E+02  4.232E+00 
1.119E+01   1.897E+02  4.215E+00 
1.128E+01   1.904E+02  4.198E+00 
1.137E+01   1.911E+02  4.181E+00 
1.147E+01   1.918E+02  4.165E+00 
1.157E+01   1.925E+02  4.148E+00 
1.166E+01   1.933E+02  4.131E+00 
1.176E+01   1.940E+02  4.114E+00 
1.186E+01   1.947E+02  4.098E+00 
1.196E+01   1.954E+02  4.081E+00 
1.206E+01   1.962E+02  4.064E+00 
1.216E+01   1.969E+02  4.048E+00 
1.226E+01   1.976E+02  4.031E+00 
1.236E+01   1.984E+02  4.015E+00 
1.246E+01   1.991E+02  3.998E+00 
1.257E+01   1.998E+02  3.981E+00 
1.267E+01   2.006E+02  3.965E+00 
1.278E+01   2.013E+02  3.949E+00 
1.288E+01   2.021E+02  3.932E+00 
1.299E+01   2.028E+02  3.916E+00 
1.310E+01   2.036E+02  3.899E+00 
1.321E+01   2.043E+02  3.883E+00 
1.332E+01   2.051E+02  3.867E+00 
1.343E+01   2.059E+02  3.850E+00 
1.354E+01   2.066E+02  3.834E+00 
1.365E+01   2.074E+02  3.818E+00 
1.377E+01   2.082E+02  3.801E+00 
1.388E+01   2.089E+02  3.785E+00 
1.400E+01   2.097E+02  3.769E+00 
1.412E+01   2.105E+02  3.753E+00 
1.423E+01   2.113E+02  3.737E+00 
1.435E+01   2.121E+02  3.721E+00 
1.447E+01   2.128E+02  3.705E+00 
1.459E+01   2.136E+02  3.689E+00 
1.471E+01   2.144E+02  3.673E+00 
1.484E+01   2.152E+02  3.657E+00 
1.496E+01   2.160E+02  3.641E+00 
1.508E+01   2.168E+02  3.625E+00 
1.521E+01   2.176E+02  3.609E+00 
1.534E+01   2.184E+02  3.593E+00 
1.547E+01   2.192E+02  3.577E+00 
1.559E+01   2.200E+02  3.562E+00 
1.572E+01   2.208E+02  3.546E+00 
1.586E+01   2.216E+02  3.530E+00 
1.599E+01   2.225E+02  3.515E+00 
1.612E+01   2.233E+02  3.499E+00 
1.626E+01   2.241E+02  3.483E+00 
1.639E+01   2.249E+02  3.468E+00 
1.653E+01   2.257E+02  3.452E+00 
1.666E+01   2.266E+02  3.437E+00 
1.680E+01   2.274E+02  3.422E+00 
1.694E+01   2.282E+02  3.406E+00 
1.709E+01   2.291E+02  3.391E+00 
1.723E+01   2.299E+02  3.375E+00 
1.737E+01   2.307E+02  3.360E+00 
1.752E+01   2.316E+02  3.345E+00 
1.766E+01   2.324E+02  3.330E+00 
1.781E+01   2.333E+02  3.314E+00 
1.796E+01   2.341E+02  3.299E+00 
1.811E+01   2.350E+02  3.284E+00 
1.826E+01   2.358E+02  3.269E+00 
1.841E+01   2.367E+02  3.254E+00 
1.856E+01   2.376E+02  3.239E+00 
1.872E+01   2.384E+02  3.224E+00 
1.888E+01   2.393E+02  3.209E+00 
1.903E+01   2.402E+02  3.194E+00 
1.919E+01   2.410E+02  3.180E+00 
1.935E+01   2.419E+02  3.165E+00 
1.951E+01   2.428E+02  3.150E+00 
1.968E+01   2.437E+02  3.135E+00 
1.984E+01   2.445E+02  3.121E+00 
2.000E+01   2.454E+02  3.106E+00 
2.017E+01   2.463E+02  3.091E+00 
2.034E+01   2.472E+02  3.077E+00 
2.051E+01   2.481E+02  3.062E+00 
2.068E+01   2.490E+02  3.048E+00 
2.085E+01   2.499E+02  3.033E+00 
2.103E+01   2.508E+02  3.019E+00 
2.120E+01   2.517E+02  3.005E+00 
2.138E+01   2.526E+02  2.990E+00 
2.156E+01   2.535E+02  2.976E+00 
2.174E+01   2.544E+02  2.962E+00 
2.192E+01   2.553E+02  2.948E+00 
2.210E+01   2.562E+02  2.933E+00 
2.228E+01   2.571E+02  2.919E+00 
2.247E+01   2.580E+02  2.905E+00 
2.266E+01   2.589E+02  2.891E+00 
2.285E+01   2.599E+02  2.877E+00 
2.304E+01   2.608E+02  2.863E+00 
2.323E+01   2.617E+02  2.850E+00 
2.342E+01   2.626E+02  2.836E+00 
2.362E+01   2.636E+02  2.822E+00 
2.381E+01   2.645E+02  2.808E+00 
2.401E+01   2.654E+02  2.794E+00 
2.421E+01   2.664E+02  2.781E+00 
2.442E+01   2.673E+02  2.767E+00 
2.462E+01   2.682E+02  2.754E+00 
2.482E+01   2.692E+02  2.740E+00 
2.503E+01   2.701E+02  2.727E+00 
2.524E+01   2.711E+02  2.713E+00 
2.545E+01   2.720E+02  2.700E+00 
2.566E+01   2.730E+02  2.686E+00 
2.588E+01   2.739E+02  2.673E+00 
2.609E+01   2.749E+02  2.660E+00 
2.631E+01   2.758E+02  2.646E+00 
2.653E+01   2.768E+02  2.633E+00 
2.675E+01   2.777E+02  2.620E+00 
2.697E+01   2.787E+02  2.607E+00 
2.720E+01   2.797E+02  2.594E+00 
2.742E+01   2.806E+02  2.581E+00 
2.765E+01   2.816E+02  2.568E+00 
2.788E+01   2.826E+02  2.555E+00 
2.812E+01   2.835E+02  2.542E+00 
2.835E+01   2.845E+02  2.529E+00 
2.859E+01   2.855E+02  2.517E+00 
2.883E+01   2.865E+02  2.504E+00 
2.907E+01   2.874E+02  2.491E+00 
2.931E+01   2.884E+02  2.478E+00 
2.955E+01   2.894E+02  2.466E+00 
2.980E+01   2.904E+02  2.453E+00 
3.005E+01   2.914E+02  2.441E+00 
3.030E+01   2.923E+02  2.428E+00 
3.055E+01   2.933E+02  2.416E+00 
3.080E+01   2.943E+02  2.403E+00 
3.106E+01   2.953E+02  2.391E+00 
3.132E+01   2.963E+02  2.379E+00 
3.158E+01   2.973E+02  2.366E+00 
3.184E+01   2.983E+02  2.354E+00 
3.211E+01   2.993E+02  2.342E+00 
3.238E+01   3.003E+02  2.330E+00 
3.265E+01   3.013E+02  2.318E+00 
3.292E+01   3.023E+02  2.306E+00 
3.319E+01   3.033E+02  2.294E+00 
3.347E+01   3.043E+02  2.282E+00 
3.375E+01   3.053E+02  2.270E+00 
3.403E+01   3.063E+02  2.258E+00 
3.432E+01   3.073E+02  2.246E+00 
3.460E+01   3.083E+02  2.235E+00 
3.489E+01   3.093E+02  2.223E+00 
3.518E+01   3.103E+02  2.211E+00 
3.547E+01   3.113E+02  2.200E+00 
3.577E+01   3.123E+02  2.188E+00 
3.607E+01   3.133E+02  2.177E+00 
3.637E+01   3.143E+02  2.165E+00 
3.667E+01   3.153E+02  2.154E+00 
3.698E+01   3.163E+02  2.142E+00 
3.729E+01   3.174E+02  2.131E+00 
3.760E+01   3.184E+02  2.120E+00 
3.791E+01   3.194E+02  2.108E+00 
3.823E+01   3.204E+02  2.097E+00 
3.855E+01   3.214E+02  2.086E+00 
3.887E+01   3.224E+02  2.075E+00 
3.919E+01   3.234E+02  2.064E+00 
3.952E+01   3.244E+02  2.053E+00 
3.985E+01   3.254E+02  2.042E+00 
4.018E+01   3.265E+02  2.031E+00 
4.051E+01   3.275E+02  2.020E+00 
4.085E+01   3.285E+02  2.009E+00 
4.119E+01   3.295E+02  1.998E+00 
4.154E+01   3.305E+02  1.987E+00 
4.188E+01   3.315E+02  1.977E+00 
4.223E+01   3.325E+02  1.966E+00 
4.258E+01   3.335E+02  1.955E+00 
4.294E+01   3.345E+02  1.945E+00 
4.330E+01   3.355E+02  1.934E+00 
4.366E+01   3.365E+02  1.924E+00 
4.402E+01   3.376E+02  1.913E+00 
4.439E+01   3.386E+02  1.903E+00 
4.476E+01   3.396E+02  1.892E+00 
4.513E+01   3.406E+02  1.882E+00 
4.551E+01   3.416E+02  1.872E+00 
4.589E+01   3.426E+02  1.862E+00 
4.627E+01   3.436E+02  1.851E+00 
4.666E+01   3.446E+02  1.841E+00 
4.704E+01   3.456E+02  1.831E+00 
4.744E+01   3.466E+02  1.821E+00 
4.783E+01   3.476E+02  1.811E+00 
4.823E+01   3.485E+02  1.801E+00 
4.863E+01   3.495E+02  1.791E+00 
4.904E+01   3.505E+02  1.781E+00 
4.945E+01   3.515E+02  1.771E+00 
4.986E+01   3.525E+02  1.762E+00 
5.027E+01   3.535E+02  1.752E+00 
5.069E+01   3.545E+02  1.742E+00 
5.112E+01   3.554E+02  1.732E+00 
5.154E+01   3.564E+02  1.723E+00 
5.197E+01   3.574E+02  1.713E+00 
5.241E+01   3.584E+02  1.704E+00 
5.284E+01   3.593E+02  1.694E+00 
5.328E+01   3.603E+02  1.685E+00 
5.373E+01   3.613E+02  1.675E+00 
5.418E+01   3.622E+02  1.666E+00 
5.463E+01   3.632E+02  1.657E+00 
5.508E+01   3.641E+02  1.647E+00 
5.554E+01   3.651E+02  1.638E+00 
5.600E+01   3.660E+02  1.629E+00 
5.647E+01   3.670E+02  1.620E+00 
5.694E+01   3.679E+02  1.611E+00 
5.742E+01   3.688E+02  1.601E+00 
5.790E+01   3.698E+02  1.592E+00 
5.838E+01   3.707E+02  1.583E+00 
5.886E+01   3.716E+02  1.574E+00 
5.936E+01   3.725E+02  1.566E+00 
5.985E+01   3.735E+02  1.557E+00 
6.035E+01   3.744E+02  1.548E+00 
6.085E+01   3.753E+02  1.539E+00 
6.136E+01   3.762E+02  1.530E+00 
6.187E+01   3.771E+02  1.522E+00 
6.239E+01   3.780E+02  1.513E+00 
6.291E+01   3.789E+02  1.504E+00 
6.343E+01   3.797E+02  1.496E+00 
6.396E+01   3.806E+02  1.487E+00 
6.449E+01   3.815E+02  1.479E+00 
6.503E+01   3.824E+02  1.470E+00 
6.557E+01   3.832E+02  1.462E+00 
6.612E+01   3.841E+02  1.453E+00 
6.667E+01   3.849E+02  1.445E+00 
6.723E+01   3.858E+02  1.437E+00 
6.779E+01   3.866E+02  1.428E+00 
6.835E+01   3.874E+02  1.420E+00 
6.892E+01   3.883E+02  1.412E+00 
6.950E+01   3.891E+02  1.404E+00 
7.008E+01   3.899E+02  1.396E+00 
7.066E+01   3.907E+02  1.388E+00 
7.125E+01   3.915E+02  1.380E+00 
7.184E+01   3.923E+02  1.372E+00 
7.244E+01   3.931E+02  1.364E+00 
7.305E+01   3.938E+02  1.356E+00 
7.366E+01   3.946E+02  1.348E+00 
7.427E+01   3.954E+02  1.340E+00 
7.489E+01   3.961E+02  1.332E+00 
7.551E+01   3.969E+02  1.325E+00 
7.614E+01   3.976E+02  1.317E+00 
7.678E+01   3.984E+02  1.309E+00 
7.742E+01   3.991E+02  1.301E+00 
7.806E+01   3.998E+02  1.294E+00 
7.871E+01   4.005E+02  1.286E+00 
7.937E+01   4.012E+02  1.279E+00 
8.003E+01   4.019E+02  1.271E+00 
8.070E+01   4.026E+02  1.264E+00 
8.137E+01   4.032E+02  1.256E+00 
8.205E+01   4.039E+02  1.249E+00 
8.273E+01   4.045E+02  1.242E+00 
8.342E+01   4.052E+02  1.219E+00 
8.412E+01   4.058E+02  1.212E+00 
8.482E+01   4.065E+02  1.205E+00 
8.553E+01   4.071E+02  1.198E+00 
8.624E+01   4.077E+02  1.191E+00 
8.696E+01   4.083E+02  1.184E+00 
8.769E+01   4.088E+02  1.177E+00 
8.842E+01   4.094E+02  1.170E+00 
8.915E+01   4.100E+02  1.163E+00 
8.990E+01   4.105E+02  1.156E+00 
9.065E+01   4.111E+02  1.149E+00 
9.140E+01   4.116E+02  1.142E+00 
9.216E+01   4.121E+02  1.136E+00 
9.293E+01   4.126E+02  1.129E+00 
9.371E+01   4.131E+02  1.122E+00 
9.449E+01   4.136E+02  1.116E+00 
9.528E+01   4.141E+02  1.109E+00 
9.607E+01   4.146E+02  1.102E+00 
9.687E+01   4.150E+02  1.096E+00 
9.768E+01   4.155E+02  1.089E+00 
9.849E+01   4.159E+02  1.083E+00 
9.931E+01   4.163E+02  1.076E+00 
1.001E+02   4.167E+02  1.070E+00 
1.010E+02   4.171E+02  1.063E+00 
1.018E+02   4.175E+02  1.057E+00 
1.027E+02   4.179E+02  1.051E+00 
1.035E+02   4.182E+02  1.045E+00 
1.044E+02   4.186E+02  1.038E+00 
1.053E+02   4.189E+02  1.032E+00 
1.061E+02   4.192E+02  1.026E+00 
1.070E+02   4.195E+02  1.020E+00 
1.079E+02   4.198E+02  1.014E+00 
1.088E+02   4.201E+02  1.007E+00 
1.097E+02   4.203E+02  1.001E+00 
1.106E+02   4.206E+02  9.953E-01 
1.116E+02   4.208E+02  9.893E-01 
1.125E+02   4.211E+02  9.833E-01 
1.134E+02   4.213E+02  9.774E-01 
1.144E+02   4.215E+02  9.715E-01 
1.153E+02   4.217E+02  9.656E-01 
1.163E+02   4.218E+02  9.597E-01 
1.173E+02   4.220E+02  9.539E-01 
1.182E+02   4.221E+02  9.481E-01 
1.192E+02   4.222E+02  9.423E-01 
1.202E+02   4.224E+02  9.366E-01 
1.212E+02   4.225E+02  9.309E-01 
1.222E+02   4.226E+02  9.252E-01 
1.232E+02   4.226E+02  9.196E-01 
1.243E+02   4.227E+02  9.140E-01 
1.253E+02   4.227E+02  9.084E-01 
1.264E+02   4.228E+02  9.029E-01 
1.274E+02   4.228E+02  8.973E-01 
1.285E+02   4.228E+02  8.918E-01 
1.295E+02   4.228E+02  8.864E-01 
1.306E+02   4.227E+02  8.810E-01 
1.317E+02   4.227E+02  8.755E-01 
1.328E+02   4.226E+02  8.702E-01 
1.339E+02   4.226E+02  8.648E-01 
1.350E+02   4.225E+02  8.595E-01 
1.362E+02   4.224E+02  8.542E-01 
1.373E+02   4.223E+02  8.490E-01 
1.384E+02   4.221E+02  8.437E-01 
1.396E+02   4.220E+02  8.385E-01 
1.408E+02   4.218E+02  8.334E-01 
1.419E+02   4.217E+02  8.282E-01 
1.431E+02   4.215E+02  8.231E-01 
1.443E+02   4.213E+02  8.180E-01 
1.455E+02   4.211E+02  8.130E-01 
1.467E+02   4.208E+02  8.079E-01 
1.479E+02   4.206E+02  8.029E-01 
1.492E+02   4.203E+02  7.979E-01 
1.504E+02   4.200E+02  7.930E-01 
1.517E+02   4.198E+02  7.881E-01 
1.529E+02   4.195E+02  7.832E-01 
1.542E+02   4.191E+02  7.783E-01 
1.555E+02   4.188E+02  7.735E-01 
1.568E+02   4.185E+02  7.686E-01 
1.581E+02   4.181E+02  7.638E-01 
1.594E+02   4.177E+02  7.591E-01 
1.607E+02   4.174E+02  7.544E-01 
1.621E+02   4.170E+02  7.496E-01 
1.634E+02   4.166E+02  7.450E-01 
1.648E+02   4.161E+02  7.403E-01 
1.662E+02   4.157E+02  7.357E-01 
1.676E+02   4.152E+02  7.311E-01 
1.690E+02   4.148E+02  7.265E-01 
1.704E+02   4.143E+02  7.219E-01 
1.718E+02   4.138E+02  7.174E-01 
1.732E+02   4.133E+02  7.129E-01 
1.747E+02   4.128E+02  7.084E-01 
1.761E+02   4.123E+02  7.040E-01 
1.776E+02   4.117E+02  6.996E-01 
1.791E+02   4.112E+02  6.952E-01 
1.806E+02   4.106E+02  6.908E-01 
1.821E+02   4.100E+02  6.864E-01 
1.836E+02   4.094E+02  6.821E-01 
1.851E+02   4.088E+02  6.778E-01 
1.867E+02   4.082E+02  6.735E-01 
1.882E+02   4.076E+02  6.693E-01 
1.898E+02   4.069E+02  6.650E-01 
1.914E+02   4.063E+02  6.608E-01 
1.930E+02   4.056E+02  6.567E-01 
1.946E+02   4.049E+02  6.525E-01 
1.962E+02   4.043E+02  6.484E-01 
1.978E+02   4.036E+02  6.443E-01 
1.995E+02   4.029E+02  6.402E-01 
2.011E+02   4.021E+02  6.361E-01 
2.028E+02   4.014E+02  6.321E-01 
2.045E+02   4.007E+02  6.281E-01 
2.062E+02   3.999E+02  6.241E-01 
2.079E+02   3.992E+02  6.201E-01 
2.097E+02   3.984E+02  6.162E-01 
2.114E+02   3.976E+02  6.122E-01 
2.132E+02   3.968E+02  6.083E-01 
2.150E+02   3.960E+02  6.045E-01 
2.167E+02   3.952E+02  6.006E-01 
2.185E+02   3.944E+02  5.968E-01 
2.204E+02   3.936E+02  5.930E-01 
2.222E+02   3.928E+02  5.892E-01 
2.241E+02   3.919E+02  5.854E-01 
2.259E+02   3.911E+02  5.817E-01 
2.278E+02   3.902E+02  5.779E-01 
2.297E+02   3.894E+02  5.742E-01 
2.316E+02   3.885E+02  5.706E-01 
2.336E+02   3.876E+02  5.669E-01 
2.355E+02   3.867E+02  5.633E-01 
2.375E+02   3.858E+02  5.597E-01 
2.394E+02   3.849E+02  5.561E-01 
2.414E+02   3.840E+02  5.525E-01 
2.435E+02   3.831E+02  5.489E-01 
2.455E+02   3.822E+02  5.454E-01 
2.475E+02   3.812E+02  5.419E-01 
2.496E+02   3.803E+02  5.384E-01 
2.517E+02   3.794E+02  5.349E-01 
2.538E+02   3.784E+02  5.315E-01 
2.559E+02   3.775E+02  5.281E-01 
2.580E+02   3.765E+02  5.247E-01 
2.602E+02   3.755E+02  5.213E-01 
2.623E+02   3.746E+02  5.179E-01 
2.645E+02   3.736E+02  5.146E-01 
2.667E+02   3.726E+02  5.112E-01 
2.690E+02   3.716E+02  5.079E-01 
2.712E+02   3.706E+02  5.046E-01 
2.735E+02   3.696E+02  5.014E-01 
2.757E+02   3.686E+02  4.981E-01 
2.780E+02   3.676E+02  4.949E-01 
2.804E+02   3.666E+02  4.917E-01 
2.827E+02   3.656E+02  4.885E-01 
2.851E+02   3.646E+02  4.853E-01 
2.874E+02   3.635E+02  4.822E-01 
2.898E+02   3.625E+02  4.791E-01 
2.922E+02   3.615E+02  4.759E-01 
2.947E+02   3.605E+02  4.728E-01 
2.971E+02   3.594E+02  4.698E-01 
2.996E+02   3.584E+02  4.667E-01 
3.021E+02   3.573E+02  4.637E-01 
3.046E+02   3.563E+02  4.607E-01 
3.072E+02   3.552E+02  4.577E-01 
3.097E+02   3.542E+02  4.547E-01 
3.123E+02   3.531E+02  4.517E-01 
3.149E+02   3.521E+02  4.488E-01 
3.175E+02   3.510E+02  4.458E-01 
3.202E+02   3.500E+02  4.429E-01 
3.229E+02   3.489E+02  4.400E-01 
3.256E+02   3.478E+02  4.371E-01 
3.283E+02   3.468E+02  4.343E-01 
3.310E+02   3.457E+02  4.314E-01 
3.338E+02   3.446E+02  4.286E-01 
3.365E+02   3.436E+02  4.258E-01 
3.394E+02   3.425E+02  4.230E-01 
3.422E+02   3.414E+02  4.202E-01 
3.450E+02   3.403E+02  4.175E-01 
3.479E+02   3.393E+02  4.147E-01 
3.508E+02   3.382E+02  4.120E-01 
3.537E+02   3.371E+02  4.093E-01 
3.567E+02   3.360E+02  4.066E-01 
3.597E+02   3.349E+02  4.039E-01 
3.627E+02   3.338E+02  4.013E-01 
3.657E+02   3.328E+02  3.987E-01 
3.687E+02   3.317E+02  3.960E-01 
3.718E+02   3.306E+02  3.934E-01 
3.749E+02   3.295E+02  3.908E-01 
3.780E+02   3.284E+02  3.883E-01 
3.812E+02   3.273E+02  3.857E-01 
3.844E+02   3.262E+02  3.831E-01 
3.876E+02   3.252E+02  3.806E-01 
3.908E+02   3.241E+02  3.781E-01 
3.940E+02   3.230E+02  3.756E-01 
3.973E+02   3.219E+02  3.731E-01 
4.006E+02   3.208E+02  3.707E-01 
4.040E+02   3.197E+02  3.682E-01 
4.074E+02   3.186E+02  3.658E-01 
4.108E+02   3.175E+02  3.633E-01 
4.142E+02   3.165E+02  3.609E-01 
4.176E+02   3.154E+02  3.586E-01 
4.211E+02   3.143E+02  3.562E-01 
4.246E+02   3.132E+02  3.538E-01 
4.282E+02   3.121E+02  3.515E-01 
4.317E+02   3.110E+02  3.491E-01 
4.353E+02   3.099E+02  3.468E-01 
4.390E+02   3.089E+02  3.445E-01 
4.426E+02   3.078E+02  3.422E-01 
4.463E+02   3.067E+02  3.399E-01 
4.500E+02   3.056E+02  3.377E-01 
4.538E+02   3.045E+02  3.354E-01 
4.576E+02   3.035E+02  3.332E-01 
4.614E+02   3.024E+02  3.310E-01 
4.652E+02   3.013E+02  3.288E-01 
4.691E+02   3.002E+02  3.266E-01 
4.730E+02   2.991E+02  3.244E-01 
4.770E+02   2.981E+02  3.223E-01 
4.809E+02   2.970E+02  3.201E-01 
4.849E+02   2.959E+02  3.180E-01 
4.890E+02   2.948E+02  3.159E-01 
4.931E+02   2.938E+02  3.137E-01 
4.972E+02   2.927E+02  3.116E-01 
5.013E+02   2.916E+02  3.096E-01 
5.055E+02   2.905E+02  3.075E-01 
5.097E+02   2.895E+02  3.054E-01 
5.140E+02   2.884E+02  3.034E-01 
5.182E+02   2.873E+02  3.014E-01 
5.226E+02   2.863E+02  2.993E-01 
5.269E+02   2.852E+02  2.973E-01 
5.313E+02   2.842E+02  2.953E-01 
5.357E+02   2.831E+02  2.934E-01 
5.402E+02   2.820E+02  2.914E-01 
5.447E+02   2.810E+02  2.894E-01 
5.493E+02   2.799E+02  2.875E-01 
5.538E+02   2.789E+02  2.856E-01 
5.585E+02   2.778E+02  2.837E-01 
5.631E+02   2.767E+02  2.818E-01 
5.678E+02   2.757E+02  2.799E-01 
5.725E+02   2.746E+02  2.780E-01 
5.773E+02   2.736E+02  2.761E-01 
5.821E+02   2.725E+02  2.743E-01 
5.870E+02   2.715E+02  2.724E-01 
5.919E+02   2.705E+02  2.706E-01 
5.968E+02   2.694E+02  2.687E-01 
6.018E+02   2.684E+02  2.669E-01 
6.068E+02   2.673E+02  2.651E-01 
6.119E+02   2.663E+02  2.634E-01 
6.170E+02   2.652E+02  2.616E-01 
6.221E+02   2.642E+02  2.598E-01 
6.273E+02   2.632E+02  2.581E-01 
6.325E+02   2.621E+02  2.563E-01 
6.378E+02   2.611E+02  2.546E-01 
6.431E+02   2.601E+02  2.529E-01 
6.485E+02   2.590E+02  2.512E-01 
6.539E+02   2.580E+02  2.495E-01 
6.593E+02   2.570E+02  2.478E-01 
6.648E+02   2.560E+02  2.461E-01 
6.704E+02   2.549E+02  2.444E-01 
6.760E+02   2.539E+02  2.428E-01 
6.816E+02   2.529E+02  2.411E-01 
6.873E+02   2.519E+02  2.395E-01 
6.930E+02   2.509E+02  2.379E-01 
6.988E+02   2.498E+02  2.363E-01 
7.046E+02   2.488E+02  2.347E-01 
7.105E+02   2.478E+02  2.331E-01 
7.164E+02   2.468E+02  2.315E-01 
7.224E+02   2.458E+02  2.299E-01 
7.284E+02   2.448E+02  2.284E-01 
7.345E+02   2.438E+02  2.268E-01 
7.406E+02   2.428E+02  2.253E-01 
7.468E+02   2.418E+02  2.237E-01 
7.530E+02   2.408E+02  2.222E-01 
7.593E+02   2.398E+02  2.207E-01 
7.656E+02   2.388E+02  2.192E-01 
7.720E+02   2.378E+02  2.177E-01 
7.784E+02   2.368E+02  2.162E-01 
7.849E+02   2.358E+02  2.148E-01 
7.915E+02   2.348E+02  2.133E-01 
7.981E+02   2.338E+02  2.118E-01 
8.047E+02   2.328E+02  2.104E-01 
8.114E+02   2.319E+02  2.090E-01 
8.182E+02   2.309E+02  2.075E-01 
8.250E+02   2.299E+02  2.061E-01 
8.319E+02   2.289E+02  2.047E-01 
8.388E+02   2.279E+02  2.033E-01 
8.458E+02   2.270E+02  2.019E-01 
8.529E+02   2.260E+02  2.006E-01 
8.600E+02   2.250E+02  1.992E-01 
8.671E+02   2.241E+02  1.978E-01 
8.744E+02   2.231E+02  1.965E-01 
8.817E+02   2.221E+02  1.951E-01 
8.890E+02   2.212E+02  1.938E-01 
8.964E+02   2.202E+02  1.925E-01 
9.039E+02   2.192E+02  1.911E-01 
9.114E+02   2.183E+02  1.898E-01 
9.190E+02   2.173E+02  1.885E-01 
9.267E+02   2.164E+02  1.872E-01 
9.344E+02   2.154E+02  1.860E-01 
9.422E+02   2.145E+02  1.847E-01 
9.501E+02   2.135E+02  1.834E-01 
9.580E+02   2.126E+02  1.822E-01 
9.660E+02   2.116E+02  1.809E-01 
9.740E+02   2.107E+02  1.797E-01 
9.821E+02   2.098E+02  1.784E-01 
9.903E+02   2.088E+02  1.772E-01 
9.986E+02   2.079E+02  1.760E-01 
1.007E+03   2.069E+02  1.748E-01 
1.015E+03   2.061E+02  1.736E-01 
1.024E+03   2.054E+02  1.724E-01 
1.032E+03   2.046E+02  1.712E-01 
1.041E+03   2.038E+02  1.700E-01 
1.050E+03   2.029E+02  1.689E-01 
1.058E+03   2.021E+02  1.677E-01 
1.067E+03   2.013E+02  1.665E-01 
1.076E+03   2.005E+02  1.654E-01 
1.085E+03   1.996E+02  1.643E-01 
1.094E+03   1.988E+02  1.631E-01 
1.103E+03   1.979E+02  1.620E-01 
1.112E+03   1.971E+02  1.609E-01 
1.122E+03   1.962E+02  1.598E-01 
1.131E+03   1.953E+02  1.587E-01 
1.140E+03   1.945E+02  1.576E-01 
1.150E+03   1.936E+02  1.565E-01 
1.160E+03   1.927E+02  1.554E-01 
1.169E+03   1.918E+02  1.543E-01 
1.179E+03   1.909E+02  1.533E-01 
1.189E+03   1.899E+02  1.522E-01 
1.199E+03   1.890E+02  1.512E-01 
1.209E+03   1.881E+02  1.501E-01 
1.219E+03   1.872E+02  1.491E-01 
1.229E+03   1.864E+02  1.480E-01 
1.239E+03   1.856E+02  1.470E-01 
1.250E+03   1.847E+02  1.460E-01 
1.260E+03   1.839E+02  1.450E-01 
1.270E+03   1.830E+02  1.440E-01 
1.281E+03   1.822E+02  1.430E-01 
1.292E+03   1.814E+02  1.420E-01 
1.302E+03   1.806E+02  1.410E-01 
1.313E+03   1.797E+02  1.400E-01 
1.324E+03   1.789E+02  1.391E-01 
1.335E+03   1.781E+02  1.381E-01 
1.346E+03   1.773E+02  1.371E-01 
1.358E+03   1.764E+02  1.362E-01 
1.369E+03   1.756E+02  1.353E-01 
1.380E+03   1.748E+02  1.343E-01 
1.392E+03   1.740E+02  1.334E-01 
1.404E+03   1.732E+02  1.325E-01 
1.415E+03   1.724E+02  1.315E-01 
1.427E+03   1.716E+02  1.306E-01 
1.439E+03   1.708E+02  1.297E-01 
1.451E+03   1.700E+02  1.288E-01 
1.463E+03   1.692E+02  1.279E-01 
1.475E+03   1.684E+02  1.270E-01 
1.487E+03   1.676E+02  1.261E-01 
1.500E+03   1.668E+02  1.253E-01 
1.512E+03   1.660E+02  1.244E-01 
1.525E+03   1.652E+02  1.235E-01 
1.538E+03   1.644E+02  1.227E-01 
1.551E+03   1.636E+02  1.218E-01 
1.563E+03   1.628E+02  1.210E-01 
1.577E+03   1.620E+02  1.201E-01 
1.590E+03   1.613E+02  1.193E-01 
1.603E+03   1.605E+02  1.185E-01 
1.616E+03   1.597E+02  1.176E-01 
1.630E+03   1.589E+02  1.168E-01 
1.643E+03   1.582E+02  1.160E-01 
1.657E+03   1.574E+02  1.152E-01 
1.671E+03   1.567E+02  1.144E-01 
1.685E+03   1.559E+02  1.136E-01 
1.699E+03   1.551E+02  1.128E-01 
1.713E+03   1.544E+02  1.120E-01 
1.727E+03   1.536E+02  1.112E-01 
1.742E+03   1.529E+02  1.104E-01 
1.756E+03   1.521E+02  1.097E-01 
1.771E+03   1.514E+02  1.089E-01 
1.786E+03   1.506E+02  1.081E-01 
1.800E+03   1.499E+02  1.074E-01 
1.815E+03   1.491E+02  1.066E-01 
1.831E+03   1.484E+02  1.059E-01 
1.846E+03   1.477E+02  1.051E-01 
1.861E+03   1.469E+02  1.044E-01 
1.877E+03   1.462E+02  1.037E-01 
1.892E+03   1.455E+02  1.029E-01 
1.908E+03   1.448E+02  1.022E-01 
1.924E+03   1.440E+02  1.015E-01 
1.940E+03   1.433E+02  1.008E-01 
1.956E+03   1.426E+02  1.001E-01 
1.973E+03   1.419E+02  9.939E-02 
1.989E+03   1.412E+02  9.869E-02 
2.006E+03   1.405E+02  9.800E-02 
2.022E+03   1.398E+02  9.731E-02 
2.039E+03   1.391E+02  9.663E-02 
2.056E+03   1.384E+02  9.595E-02 
2.073E+03   1.377E+02  9.527E-02 
2.091E+03   1.370E+02  9.461E-02 
2.108E+03   1.363E+02  9.394E-02 
2.126E+03   1.356E+02  9.328E-02 
2.143E+03   1.349E+02  9.262E-02 
2.161E+03   1.342E+02  9.197E-02 
2.179E+03   1.335E+02  9.133E-02 
2.197E+03   1.328E+02  9.068E-02 
2.216E+03   1.322E+02  9.005E-02 
2.234E+03   1.315E+02  8.941E-02 
2.253E+03   1.308E+02  8.878E-02 
2.272E+03   1.301E+02  8.816E-02 
2.291E+03   1.295E+02  8.754E-02 
2.310E+03   1.288E+02  8.692E-02 
2.329E+03   1.281E+02  8.631E-02 
2.348E+03   1.275E+02  8.570E-02 
2.368E+03   1.268E+02  8.510E-02 
2.388E+03   1.262E+02  8.450E-02 
2.408E+03   1.255E+02  8.390E-02 
2.428E+03   1.249E+02  8.331E-02 
2.448E+03   1.242E+02  8.272E-02 
2.468E+03   1.236E+02  8.214E-02 
2.489E+03   1.229E+02  8.156E-02 
2.510E+03   1.223E+02  8.098E-02 
2.531E+03   1.216E+02  8.041E-02 
2.552E+03   1.210E+02  7.984E-02 
2.573E+03   1.204E+02  7.928E-02 
2.594E+03   1.197E+02  7.872E-02 
2.616E+03   1.191E+02  7.816E-02 
2.638E+03   1.185E+02  7.761E-02 
2.660E+03   1.179E+02  7.706E-02 
2.682E+03   1.172E+02  7.652E-02 
2.704E+03   1.166E+02  7.598E-02 
2.727E+03   1.160E+02  7.544E-02 
2.750E+03   1.154E+02  7.491E-02 
2.773E+03   1.148E+02  7.438E-02 
2.796E+03   1.142E+02  7.385E-02 
2.819E+03   1.136E+02  7.333E-02 
2.842E+03   1.130E+02  7.281E-02 
2.866E+03   1.124E+02  7.229E-02 
2.890E+03   1.118E+02  7.178E-02 
2.914E+03   1.112E+02  7.127E-02 
2.938E+03   1.106E+02  7.077E-02 
2.963E+03   1.100E+02  7.026E-02 
2.988E+03   1.094E+02  6.977E-02 
3.013E+03   1.088E+02  6.927E-02 
3.038E+03   1.082E+02  6.878E-02 
3.063E+03   1.077E+02  6.829E-02 
3.089E+03   1.071E+02  6.781E-02 
3.114E+03   1.065E+02  6.733E-02 
3.140E+03   1.059E+02  6.685E-02 
3.166E+03   1.054E+02  6.638E-02 
3.193E+03   1.048E+02  6.590E-02 
3.219E+03   1.042E+02  6.544E-02 
3.246E+03   1.037E+02  6.497E-02 
3.273E+03   1.031E+02  6.451E-02 
3.301E+03   1.025E+02  6.405E-02 
3.328E+03   1.020E+02  6.360E-02 
3.356E+03   1.014E+02  6.314E-02 
3.384E+03   1.009E+02  6.270E-02 
3.412E+03   1.003E+02  6.225E-02 
3.441E+03   9.978E+01  6.181E-02 
3.469E+03   9.924E+01  6.137E-02 
3.498E+03   9.870E+01  6.093E-02 
3.527E+03   9.816E+01  6.050E-02 
3.557E+03   9.762E+01  6.007E-02 
3.586E+03   9.709E+01  5.964E-02 
3.616E+03   9.656E+01  5.921E-02 
3.646E+03   9.603E+01  5.879E-02 
3.677E+03   9.550E+01  5.837E-02 
3.707E+03   9.497E+01  5.796E-02 
3.738E+03   9.445E+01  5.755E-02 
3.770E+03   9.393E+01  5.714E-02 
3.801E+03   9.341E+01  5.673E-02 
3.833E+03   9.290E+01  5.632E-02 
3.865E+03   9.238E+01  5.592E-02 
3.897E+03   9.187E+01  5.552E-02 
3.929E+03   9.136E+01  5.513E-02 
3.962E+03   9.086E+01  5.473E-02 
3.995E+03   9.035E+01  5.434E-02 
4.028E+03   8.985E+01  5.396E-02 
4.062E+03   8.935E+01  5.357E-02 
4.096E+03   8.885E+01  5.319E-02 
4.130E+03   8.836E+01  5.281E-02 
4.164E+03   8.787E+01  5.243E-02 
4.199E+03   8.738E+01  5.206E-02 
4.234E+03   8.689E+01  5.168E-02 
4.269E+03   8.640E+01  5.132E-02 
4.305E+03   8.592E+01  5.095E-02 
4.341E+03   8.544E+01  5.058E-02 
4.377E+03   8.496E+01  5.022E-02 
4.414E+03   8.448E+01  4.986E-02 
4.450E+03   8.401E+01  4.951E-02 
4.488E+03   8.353E+01  4.915E-02 
4.525E+03   8.306E+01  4.880E-02 
4.563E+03   8.260E+01  4.845E-02 
4.601E+03   8.213E+01  4.811E-02 
4.639E+03   8.167E+01  4.776E-02 
4.678E+03   8.120E+01  4.742E-02 
4.717E+03   8.075E+01  4.708E-02 
4.756E+03   8.029E+01  4.674E-02 
4.796E+03   7.983E+01  4.641E-02 
4.836E+03   7.938E+01  4.607E-02 
4.876E+03   7.893E+01  4.574E-02 
4.917E+03   7.848E+01  4.542E-02 
4.958E+03   7.804E+01  4.509E-02 
4.999E+03   7.759E+01  4.477E-02 
5.041E+03   7.715E+01  4.445E-02 
5.083E+03   7.671E+01  4.413E-02 
5.125E+03   7.627E+01  4.381E-02 
5.168E+03   7.584E+01  4.350E-02 
5.211E+03   7.540E+01  4.319E-02 
5.254E+03   7.497E+01  4.288E-02 
5.298E+03   7.454E+01  4.257E-02 
5.342E+03   7.412E+01  4.226E-02 
5.387E+03   7.369E+01  4.196E-02 
5.432E+03   7.327E+01  4.166E-02 
5.477E+03   7.285E+01  4.136E-02 
5.523E+03   7.243E+01  4.106E-02 
5.569E+03   7.201E+01  4.077E-02 
5.615E+03   7.160E+01  4.047E-02 
5.662E+03   7.118E+01  4.018E-02 
5.709E+03   7.077E+01  3.989E-02 
5.757E+03   7.037E+01  3.961E-02 
5.805E+03   6.996E+01  3.932E-02 
5.853E+03   6.955E+01  3.904E-02 
5.902E+03   6.915E+01  3.876E-02 
5.951E+03   6.875E+01  3.848E-02 
6.001E+03   6.835E+01  3.820E-02 
6.051E+03   6.796E+01  3.793E-02 
6.101E+03   6.756E+01  3.765E-02 
6.152E+03   6.717E+01  3.738E-02 
6.203E+03   6.678E+01  3.711E-02 
6.255E+03   6.639E+01  3.685E-02 
6.307E+03   6.600E+01  3.658E-02 
6.360E+03   6.562E+01  3.632E-02 
6.413E+03   6.524E+01  3.606E-02 
6.466E+03   6.485E+01  3.580E-02 
6.520E+03   6.448E+01  3.554E-02 
6.575E+03   6.410E+01  3.528E-02 
6.629E+03   6.372E+01  3.503E-02 
6.685E+03   6.335E+01  3.478E-02 
6.740E+03   6.298E+01  3.452E-02 
6.797E+03   6.261E+01  3.428E-02 
6.853E+03   6.224E+01  3.403E-02 
6.910E+03   6.188E+01  3.378E-02 
6.968E+03   6.151E+01  3.354E-02 
7.026E+03   6.115E+01  3.330E-02 
7.085E+03   6.079E+01  3.306E-02 
7.144E+03   6.043E+01  3.282E-02 
7.203E+03   6.008E+01  3.258E-02 
7.263E+03   5.972E+01  3.235E-02 
7.324E+03   5.937E+01  3.211E-02 
7.385E+03   5.902E+01  3.188E-02 
7.447E+03   5.867E+01  3.165E-02 
7.509E+03   5.832E+01  3.142E-02 
7.571E+03   5.798E+01  3.119E-02 
7.634E+03   5.764E+01  3.097E-02 
7.698E+03   5.729E+01  3.074E-02 
7.762E+03   5.695E+01  3.052E-02 
7.827E+03   5.662E+01  3.030E-02 
7.892E+03   5.628E+01  3.008E-02 
7.958E+03   5.595E+01  2.987E-02 
8.024E+03   5.561E+01  2.965E-02 
8.091E+03   5.528E+01  2.943E-02 
8.159E+03   5.495E+01  2.922E-02 
8.227E+03   5.463E+01  2.901E-02 
8.295E+03   5.430E+01  2.880E-02 
8.364E+03   5.398E+01  2.859E-02 
8.434E+03   5.365E+01  2.838E-02 
8.504E+03   5.333E+01  2.818E-02 
8.575E+03   5.301E+01  2.797E-02 
8.647E+03   5.270E+01  2.777E-02 
8.719E+03   5.238E+01  2.757E-02 
8.792E+03   5.207E+01  2.737E-02 
8.865E+03   5.176E+01  2.717E-02 
8.939E+03   5.145E+01  2.698E-02 
9.013E+03   5.114E+01  2.678E-02 
9.088E+03   5.083E+01  2.659E-02 
9.164E+03   5.052E+01  2.639E-02 
9.241E+03   5.022E+01  2.620E-02 
9.318E+03   4.992E+01  2.601E-02 
9.395E+03   4.962E+01  2.582E-02 
9.474E+03   4.932E+01  2.564E-02 
9.553E+03   4.902E+01  2.545E-02 
9.632E+03   4.873E+01  2.527E-02 
9.713E+03   4.843E+01  2.508E-02 
9.794E+03   4.814E+01  2.490E-02 
9.875E+03   4.785E+01  2.472E-02 
9.958E+03   4.756E+01  2.454E-02 
1.004E+04   4.727E+01  2.436E-02 
1.012E+04   4.699E+01  2.418E-02 
1.021E+04   4.670E+01  2.401E-02 
1.029E+04   4.642E+01  2.383E-02 
1.038E+04   4.614E+01  2.366E-02 
1.047E+04   4.586E+01  2.349E-02 
1.055E+04   4.558E+01  2.332E-02 
1.064E+04   4.530E+01  2.315E-02 
1.073E+04   4.503E+01  2.298E-02 
1.082E+04   4.475E+01  2.281E-02 
1.091E+04   4.448E+01  2.265E-02 
1.100E+04   4.421E+01  2.248E-02 
1.109E+04   4.394E+01  2.232E-02 
1.118E+04   4.367E+01  2.216E-02 
1.128E+04   4.341E+01  2.200E-02 
1.137E+04   4.314E+01  2.184E-02 
1.147E+04   4.288E+01  2.168E-02 
1.156E+04   4.262E+01  2.152E-02 
1.166E+04   4.236E+01  2.136E-02 
1.176E+04   4.210E+01  2.121E-02 
1.185E+04   4.184E+01  2.105E-02 
1.195E+04   4.159E+01  2.090E-02 
1.205E+04   4.133E+01  2.075E-02 
1.215E+04   4.108E+01  2.060E-02 
1.225E+04   4.083E+01  2.045E-02 
1.236E+04   4.058E+01  2.030E-02 
1.246E+04   4.033E+01  2.015E-02 
1.256E+04   4.008E+01  2.000E-02 
1.267E+04   3.984E+01  1.986E-02 
1.277E+04   3.959E+01  1.971E-02 
1.288E+04   3.935E+01  1.957E-02 
1.299E+04   3.911E+01  1.942E-02 
1.310E+04   3.887E+01  1.928E-02 
1.321E+04   3.863E+01  1.914E-02 
1.332E+04   3.839E+01  1.900E-02 
1.343E+04   3.815E+01  1.886E-02 
1.354E+04   3.792E+01  1.873E-02 
1.365E+04   3.768E+01  1.859E-02 
1.376E+04   3.745E+01  1.845E-02 
1.388E+04   3.722E+01  1.832E-02 
1.400E+04   3.699E+01  1.819E-02 
1.411E+04   3.676E+01  1.805E-02 
1.423E+04   3.654E+01  1.792E-02 
1.435E+04   3.631E+01  1.779E-02 
1.447E+04   3.609E+01  1.766E-02 
1.459E+04   3.586E+01  1.753E-02 
1.471E+04   3.564E+01  1.740E-02 
1.483E+04   3.542E+01  1.728E-02 
1.496E+04   3.520E+01  1.715E-02 
1.508E+04   3.498E+01  1.702E-02 
1.521E+04   3.477E+01  1.690E-02 
1.533E+04   3.455E+01  1.678E-02 
1.546E+04   3.434E+01  1.665E-02 
1.559E+04   3.412E+01  1.653E-02 
1.572E+04   3.391E+01  1.641E-02 
1.585E+04   3.370E+01  1.629E-02 
1.598E+04   3.349E+01  1.617E-02 
1.612E+04   3.328E+01  1.605E-02 
1.625E+04   3.308E+01  1.594E-02 
1.639E+04   3.287E+01  1.582E-02 
1.652E+04   3.267E+01  1.570E-02 
1.666E+04   3.246E+01  1.559E-02 
1.680E+04   3.226E+01  1.547E-02 
1.694E+04   3.206E+01  1.536E-02 
1.708E+04   3.186E+01  1.525E-02 
1.722E+04   3.166E+01  1.514E-02 
1.737E+04   3.147E+01  1.503E-02 
1.751E+04   3.127E+01  1.492E-02 
1.766E+04   3.108E+01  1.481E-02 
1.781E+04   3.088E+01  1.470E-02 
1.795E+04   3.069E+01  1.459E-02 
1.810E+04   3.050E+01  1.448E-02 
1.825E+04   3.031E+01  1.438E-02 
1.841E+04   3.012E+01  1.427E-02 
1.856E+04   2.993E+01  1.417E-02 
1.871E+04   2.974E+01  1.406E-02 
1.887E+04   2.956E+01  1.396E-02 
1.903E+04   2.937E+01  1.386E-02 
1.919E+04   2.919E+01  1.376E-02 
1.935E+04   2.901E+01  1.365E-02 
1.951E+04   2.883E+01  1.355E-02 
1.967E+04   2.865E+01  1.345E-02 
1.983E+04   2.847E+01  1.336E-02 
2.000E+04   2.829E+01  1.326E-02 
