Ion = Hydrogen    , Mass = 1.008
Tgt =  C (Solid), Density = 3.5 g/cm3
Stopping Units = MeV/mm       
Energy(keV)  S(Elec)    S(Nuc)
5.000E+00   1.055E+02  3.587E+00 
5.042E+00   1.059E+02  3.568E+00 
5.084E+00   1.063E+02  3.550E+00 
5.126E+00   1.067E+02  3.532E+00 
5.169E+00   1.072E+02  3.513E+00 
5.212E+00   1.076E+02  3.495E+00 
5.255E+00   1.080E+02  3.477E+00 
5.299E+00   1.084E+02  3.459E+00 
5.343E+00   1.088E+02  3.441E+00 
5.388E+00   1.092E+02  3.422E+00 
5.433E+00   1.097E+02  3.404E+00 
5.478E+00   1.101E+02  3.387E+00 
5.524E+00   1.105E+02  3.369E+00 
5.570E+00   1.109E+02  3.351E+00 
5.616E+00   1.113E+02  3.334E+00 
5.663E+00   1.118E+02  3.316E+00 
5.710E+00   1.122E+02  3.299E+00 
5.758E+00   1.126E+02  3.281E+00 
5.806E+00   1.131E+02  3.264E+00 
5.854E+00   1.135E+02  3.246E+00 
5.903E+00   1.139E+02  3.229E+00 
5.952E+00   1.144E+02  3.212E+00 
6.002E+00   1.148E+02  3.195E+00 
6.052E+00   1.153E+02  3.178E+00 
6.102E+00   1.157E+02  3.161E+00 
6.153E+00   1.161E+02  3.144E+00 
6.205E+00   1.166E+02  3.127E+00 
6.256E+00   1.170E+02  3.110E+00 
6.309E+00   1.175E+02  3.093E+00 
6.361E+00   1.179E+02  3.077E+00 
6.414E+00   1.184E+02  3.060E+00 
6.468E+00   1.188E+02  3.044E+00 
6.522E+00   1.193E+02  3.027E+00 
6.576E+00   1.197E+02  3.011E+00 
6.631E+00   1.202E+02  2.995E+00 
6.686E+00   1.207E+02  2.979E+00 
6.742E+00   1.211E+02  2.962E+00 
6.798E+00   1.216E+02  2.946E+00 
6.855E+00   1.220E+02  2.930E+00 
6.912E+00   1.225E+02  2.914E+00 
6.969E+00   1.230E+02  2.899E+00 
7.028E+00   1.234E+02  2.883E+00 
7.086E+00   1.239E+02  2.867E+00 
7.145E+00   1.244E+02  2.851E+00 
7.205E+00   1.249E+02  2.836E+00 
7.265E+00   1.253E+02  2.820E+00 
7.325E+00   1.258E+02  2.805E+00 
7.386E+00   1.263E+02  2.789E+00 
7.448E+00   1.268E+02  2.774E+00 
7.510E+00   1.272E+02  2.759E+00 
7.573E+00   1.277E+02  2.743E+00 
7.636E+00   1.282E+02  2.728E+00 
7.700E+00   1.287E+02  2.713E+00 
7.764E+00   1.292E+02  2.698E+00 
7.828E+00   1.297E+02  2.683E+00 
7.894E+00   1.301E+02  2.668E+00 
7.960E+00   1.306E+02  2.653E+00 
8.026E+00   1.311E+02  2.639E+00 
8.093E+00   1.316E+02  2.624E+00 
8.160E+00   1.321E+02  2.609E+00 
8.228E+00   1.326E+02  2.595E+00 
8.297E+00   1.331E+02  2.580E+00 
8.366E+00   1.336E+02  2.566E+00 
8.436E+00   1.341E+02  2.552E+00 
8.506E+00   1.346E+02  2.537E+00 
8.577E+00   1.351E+02  2.523E+00 
8.649E+00   1.356E+02  2.509E+00 
8.721E+00   1.361E+02  2.495E+00 
8.793E+00   1.366E+02  2.481E+00 
8.867E+00   1.371E+02  2.467E+00 
8.941E+00   1.376E+02  2.453E+00 
9.015E+00   1.382E+02  2.439E+00 
9.090E+00   1.387E+02  2.425E+00 
9.166E+00   1.392E+02  2.412E+00 
9.242E+00   1.397E+02  2.398E+00 
9.320E+00   1.402E+02  2.384E+00 
9.397E+00   1.407E+02  2.371E+00 
9.476E+00   1.413E+02  2.357E+00 
9.555E+00   1.418E+02  2.344E+00 
9.634E+00   1.423E+02  2.331E+00 
9.715E+00   1.428E+02  2.317E+00 
9.796E+00   1.434E+02  2.304E+00 
9.877E+00   1.439E+02  2.291E+00 
9.960E+00   1.444E+02  2.278E+00 
1.004E+01   1.449E+02  2.265E+00 
1.013E+01   1.455E+02  2.252E+00 
1.021E+01   1.460E+02  2.239E+00 
1.030E+01   1.465E+02  2.226E+00 
1.038E+01   1.471E+02  2.213E+00 
1.047E+01   1.476E+02  2.201E+00 
1.056E+01   1.481E+02  2.188E+00 
1.064E+01   1.487E+02  2.175E+00 
1.073E+01   1.492E+02  2.163E+00 
1.082E+01   1.498E+02  2.150E+00 
1.091E+01   1.503E+02  2.138E+00 
1.100E+01   1.508E+02  2.125E+00 
1.110E+01   1.514E+02  2.113E+00 
1.119E+01   1.519E+02  2.101E+00 
1.128E+01   1.525E+02  2.089E+00 
1.137E+01   1.530E+02  2.077E+00 
1.147E+01   1.536E+02  2.065E+00 
1.157E+01   1.541E+02  2.052E+00 
1.166E+01   1.547E+02  2.041E+00 
1.176E+01   1.552E+02  2.029E+00 
1.186E+01   1.558E+02  2.017E+00 
1.196E+01   1.563E+02  2.005E+00 
1.206E+01   1.569E+02  1.993E+00 
1.216E+01   1.575E+02  1.982E+00 
1.226E+01   1.580E+02  1.970E+00 
1.236E+01   1.586E+02  1.959E+00 
1.246E+01   1.591E+02  1.947E+00 
1.257E+01   1.597E+02  1.936E+00 
1.267E+01   1.603E+02  1.924E+00 
1.278E+01   1.608E+02  1.913E+00 
1.288E+01   1.614E+02  1.902E+00 
1.299E+01   1.619E+02  1.890E+00 
1.310E+01   1.625E+02  1.879E+00 
1.321E+01   1.631E+02  1.868E+00 
1.332E+01   1.636E+02  1.857E+00 
1.343E+01   1.642E+02  1.846E+00 
1.354E+01   1.648E+02  1.835E+00 
1.365E+01   1.653E+02  1.824E+00 
1.377E+01   1.659E+02  1.814E+00 
1.388E+01   1.665E+02  1.803E+00 
1.400E+01   1.671E+02  1.792E+00 
1.412E+01   1.676E+02  1.781E+00 
1.423E+01   1.682E+02  1.771E+00 
1.435E+01   1.688E+02  1.760E+00 
1.447E+01   1.694E+02  1.750E+00 
1.459E+01   1.699E+02  1.739E+00 
1.471E+01   1.705E+02  1.729E+00 
1.484E+01   1.711E+02  1.719E+00 
1.496E+01   1.717E+02  1.708E+00 
1.508E+01   1.722E+02  1.556E+00 
1.521E+01   1.728E+02  1.547E+00 
1.534E+01   1.734E+02  1.538E+00 
1.547E+01   1.740E+02  1.529E+00 
1.559E+01   1.746E+02  1.520E+00 
1.572E+01   1.751E+02  1.511E+00 
1.586E+01   1.757E+02  1.502E+00 
1.599E+01   1.763E+02  1.493E+00 
1.612E+01   1.769E+02  1.484E+00 
1.626E+01   1.775E+02  1.475E+00 
1.639E+01   1.780E+02  1.467E+00 
1.653E+01   1.786E+02  1.458E+00 
1.666E+01   1.792E+02  1.449E+00 
1.680E+01   1.798E+02  1.441E+00 
1.694E+01   1.804E+02  1.432E+00 
1.709E+01   1.810E+02  1.424E+00 
1.723E+01   1.815E+02  1.415E+00 
1.737E+01   1.821E+02  1.407E+00 
1.752E+01   1.827E+02  1.399E+00 
1.766E+01   1.833E+02  1.390E+00 
1.781E+01   1.839E+02  1.382E+00 
1.796E+01   1.845E+02  1.374E+00 
1.811E+01   1.850E+02  1.366E+00 
1.826E+01   1.856E+02  1.357E+00 
1.841E+01   1.862E+02  1.349E+00 
1.856E+01   1.868E+02  1.341E+00 
1.872E+01   1.874E+02  1.333E+00 
1.888E+01   1.880E+02  1.325E+00 
1.903E+01   1.885E+02  1.317E+00 
1.919E+01   1.891E+02  1.309E+00 
1.935E+01   1.897E+02  1.301E+00 
1.951E+01   1.903E+02  1.294E+00 
1.968E+01   1.909E+02  1.286E+00 
1.984E+01   1.915E+02  1.278E+00 
2.000E+01   1.920E+02  1.270E+00 
2.017E+01   1.926E+02  1.263E+00 
2.034E+01   1.932E+02  1.255E+00 
2.051E+01   1.938E+02  1.248E+00 
2.068E+01   1.944E+02  1.240E+00 
2.085E+01   1.949E+02  1.232E+00 
2.103E+01   1.955E+02  1.225E+00 
2.120E+01   1.961E+02  1.218E+00 
2.138E+01   1.967E+02  1.210E+00 
2.156E+01   1.973E+02  1.203E+00 
2.174E+01   1.978E+02  1.196E+00 
2.192E+01   1.984E+02  1.188E+00 
2.210E+01   1.990E+02  1.181E+00 
2.228E+01   1.996E+02  1.174E+00 
2.247E+01   2.001E+02  1.167E+00 
2.266E+01   2.007E+02  1.160E+00 
2.285E+01   2.013E+02  1.152E+00 
2.304E+01   2.019E+02  1.145E+00 
2.323E+01   2.024E+02  1.138E+00 
2.342E+01   2.030E+02  1.131E+00 
2.362E+01   2.036E+02  1.125E+00 
2.381E+01   2.041E+02  1.118E+00 
2.401E+01   2.047E+02  1.111E+00 
2.421E+01   2.053E+02  1.104E+00 
2.442E+01   2.059E+02  1.097E+00 
2.462E+01   2.064E+02  1.090E+00 
2.482E+01   2.070E+02  1.084E+00 
2.503E+01   2.075E+02  1.077E+00 
2.524E+01   2.081E+02  1.070E+00 
2.545E+01   2.087E+02  1.064E+00 
2.566E+01   2.092E+02  1.057E+00 
2.588E+01   2.098E+02  1.051E+00 
2.609E+01   2.103E+02  1.044E+00 
2.631E+01   2.109E+02  1.038E+00 
2.653E+01   2.115E+02  1.031E+00 
2.675E+01   2.120E+02  1.025E+00 
2.697E+01   2.126E+02  1.019E+00 
2.720E+01   2.131E+02  1.012E+00 
2.742E+01   2.137E+02  1.006E+00 
2.765E+01   2.142E+02  9.998E-01 
2.788E+01   2.148E+02  9.936E-01 
2.812E+01   2.153E+02  9.874E-01 
2.835E+01   2.159E+02  9.812E-01 
2.859E+01   2.164E+02  9.751E-01 
2.883E+01   2.170E+02  9.690E-01 
2.907E+01   2.175E+02  9.630E-01 
2.931E+01   2.180E+02  9.570E-01 
2.955E+01   2.186E+02  9.510E-01 
2.980E+01   2.191E+02  9.451E-01 
3.005E+01   2.196E+02  9.392E-01 
3.030E+01   2.202E+02  9.333E-01 
3.055E+01   2.207E+02  9.274E-01 
3.080E+01   2.212E+02  9.216E-01 
3.106E+01   2.218E+02  9.159E-01 
3.132E+01   2.223E+02  9.101E-01 
3.158E+01   2.228E+02  9.044E-01 
3.184E+01   2.234E+02  8.987E-01 
3.211E+01   2.239E+02  8.931E-01 
3.238E+01   2.244E+02  8.875E-01 
3.265E+01   2.249E+02  8.819E-01 
3.292E+01   2.254E+02  8.763E-01 
3.319E+01   2.260E+02  8.708E-01 
3.347E+01   2.265E+02  8.653E-01 
3.375E+01   2.270E+02  8.599E-01 
3.403E+01   2.275E+02  8.544E-01 
3.432E+01   2.280E+02  8.490E-01 
3.460E+01   2.285E+02  8.437E-01 
3.489E+01   2.290E+02  8.383E-01 
3.518E+01   2.295E+02  8.330E-01 
3.547E+01   2.300E+02  8.278E-01 
3.577E+01   2.305E+02  8.225E-01 
3.607E+01   2.310E+02  8.173E-01 
3.637E+01   2.315E+02  8.121E-01 
3.667E+01   2.320E+02  8.070E-01 
3.698E+01   2.325E+02  8.018E-01 
3.729E+01   2.330E+02  7.967E-01 
3.760E+01   2.335E+02  7.917E-01 
3.791E+01   2.340E+02  7.866E-01 
3.823E+01   2.345E+02  7.816E-01 
3.855E+01   2.349E+02  7.767E-01 
3.887E+01   2.354E+02  7.717E-01 
3.919E+01   2.359E+02  7.668E-01 
3.952E+01   2.364E+02  7.619E-01 
3.985E+01   2.368E+02  7.570E-01 
4.018E+01   2.373E+02  7.522E-01 
4.051E+01   2.378E+02  7.474E-01 
4.085E+01   2.382E+02  7.426E-01 
4.119E+01   2.387E+02  7.379E-01 
4.154E+01   2.391E+02  7.332E-01 
4.188E+01   2.396E+02  7.285E-01 
4.223E+01   2.401E+02  7.238E-01 
4.258E+01   2.405E+02  7.191E-01 
4.294E+01   2.410E+02  7.145E-01 
4.330E+01   2.414E+02  7.099E-01 
4.366E+01   2.418E+02  7.054E-01 
4.402E+01   2.423E+02  7.009E-01 
4.439E+01   2.427E+02  6.964E-01 
4.476E+01   2.431E+02  6.919E-01 
4.513E+01   2.436E+02  6.874E-01 
4.551E+01   2.440E+02  6.830E-01 
4.589E+01   2.444E+02  6.786E-01 
4.627E+01   2.448E+02  6.742E-01 
4.666E+01   2.453E+02  6.699E-01 
4.704E+01   2.457E+02  6.656E-01 
4.744E+01   2.461E+02  6.613E-01 
4.783E+01   2.465E+02  6.570E-01 
4.823E+01   2.469E+02  6.527E-01 
4.863E+01   2.473E+02  6.485E-01 
4.904E+01   2.477E+02  6.443E-01 
4.945E+01   2.481E+02  6.402E-01 
4.986E+01   2.485E+02  6.360E-01 
5.027E+01   2.488E+02  6.319E-01 
5.069E+01   2.492E+02  6.278E-01 
5.112E+01   2.496E+02  6.237E-01 
5.154E+01   2.500E+02  6.197E-01 
5.197E+01   2.503E+02  6.157E-01 
5.241E+01   2.507E+02  6.117E-01 
5.284E+01   2.510E+02  6.077E-01 
5.328E+01   2.514E+02  6.037E-01 
5.373E+01   2.517E+02  5.998E-01 
5.418E+01   2.521E+02  5.959E-01 
5.463E+01   2.524E+02  5.920E-01 
5.508E+01   2.528E+02  5.882E-01 
5.554E+01   2.531E+02  5.843E-01 
5.600E+01   2.534E+02  5.805E-01 
5.647E+01   2.537E+02  5.768E-01 
5.694E+01   2.540E+02  5.730E-01 
5.742E+01   2.543E+02  5.693E-01 
5.790E+01   2.546E+02  5.655E-01 
5.838E+01   2.549E+02  5.618E-01 
5.886E+01   2.552E+02  5.582E-01 
5.936E+01   2.555E+02  5.545E-01 
5.985E+01   2.558E+02  5.509E-01 
6.035E+01   2.560E+02  5.473E-01 
6.085E+01   2.563E+02  5.437E-01 
6.136E+01   2.566E+02  5.401E-01 
6.187E+01   2.568E+02  5.366E-01 
6.239E+01   2.570E+02  5.331E-01 
6.291E+01   2.573E+02  5.296E-01 
6.343E+01   2.575E+02  5.261E-01 
6.396E+01   2.577E+02  5.226E-01 
6.449E+01   2.579E+02  5.192E-01 
6.503E+01   2.582E+02  5.158E-01 
6.557E+01   2.584E+02  5.124E-01 
6.612E+01   2.586E+02  5.090E-01 
6.667E+01   2.587E+02  5.057E-01 
6.723E+01   2.589E+02  5.024E-01 
6.779E+01   2.591E+02  4.991E-01 
6.835E+01   2.593E+02  4.958E-01 
6.892E+01   2.594E+02  4.925E-01 
6.950E+01   2.596E+02  4.892E-01 
7.008E+01   2.597E+02  4.860E-01 
7.066E+01   2.598E+02  4.828E-01 
7.125E+01   2.599E+02  4.796E-01 
7.184E+01   2.601E+02  4.764E-01 
7.244E+01   2.602E+02  4.733E-01 
7.305E+01   2.603E+02  4.702E-01 
7.366E+01   2.604E+02  4.671E-01 
7.427E+01   2.604E+02  4.640E-01 
7.489E+01   2.605E+02  4.609E-01 
7.551E+01   2.606E+02  4.578E-01 
7.614E+01   2.606E+02  4.548E-01 
7.678E+01   2.607E+02  4.518E-01 
7.742E+01   2.607E+02  4.488E-01 
7.806E+01   2.607E+02  4.458E-01 
7.871E+01   2.607E+02  4.429E-01 
7.937E+01   2.607E+02  4.399E-01 
8.003E+01   2.607E+02  4.370E-01 
8.070E+01   2.607E+02  4.341E-01 
8.137E+01   2.607E+02  4.312E-01 
8.205E+01   2.607E+02  4.283E-01 
8.273E+01   2.606E+02  4.255E-01 
8.342E+01   2.606E+02  4.227E-01 
8.412E+01   2.605E+02  4.199E-01 
8.482E+01   2.604E+02  4.171E-01 
8.553E+01   2.604E+02  4.143E-01 
8.624E+01   2.603E+02  4.115E-01 
8.696E+01   2.602E+02  4.088E-01 
8.769E+01   2.600E+02  4.060E-01 
8.842E+01   2.599E+02  4.033E-01 
8.915E+01   2.598E+02  4.006E-01 
8.990E+01   2.596E+02  3.980E-01 
9.065E+01   2.595E+02  3.953E-01 
9.140E+01   2.593E+02  3.927E-01 
9.216E+01   2.592E+02  3.900E-01 
9.293E+01   2.590E+02  3.874E-01 
9.371E+01   2.588E+02  3.848E-01 
9.449E+01   2.586E+02  3.823E-01 
9.528E+01   2.584E+02  3.797E-01 
9.607E+01   2.581E+02  3.772E-01 
9.687E+01   2.579E+02  3.746E-01 
9.768E+01   2.576E+02  3.721E-01 
9.849E+01   2.574E+02  3.696E-01 
9.931E+01   2.571E+02  3.671E-01 
1.001E+02   2.568E+02  3.647E-01 
1.010E+02   2.566E+02  3.622E-01 
1.018E+02   2.563E+02  3.598E-01 
1.027E+02   2.560E+02  3.574E-01 
1.035E+02   2.556E+02  3.550E-01 
1.044E+02   2.553E+02  3.526E-01 
1.053E+02   2.550E+02  3.502E-01 
1.061E+02   2.546E+02  3.479E-01 
1.070E+02   2.543E+02  3.455E-01 
1.079E+02   2.539E+02  3.432E-01 
1.088E+02   2.535E+02  3.409E-01 
1.097E+02   2.531E+02  3.386E-01 
1.106E+02   2.527E+02  3.363E-01 
1.116E+02   2.523E+02  3.340E-01 
1.125E+02   2.519E+02  3.318E-01 
1.134E+02   2.515E+02  3.296E-01 
1.144E+02   2.511E+02  3.273E-01 
1.153E+02   2.506E+02  3.251E-01 
1.163E+02   2.502E+02  3.229E-01 
1.173E+02   2.497E+02  3.207E-01 
1.182E+02   2.492E+02  3.186E-01 
1.192E+02   2.488E+02  3.164E-01 
1.202E+02   2.483E+02  3.143E-01 
1.212E+02   2.478E+02  3.122E-01 
1.222E+02   2.473E+02  3.100E-01 
1.232E+02   2.468E+02  3.079E-01 
1.243E+02   2.462E+02  3.059E-01 
1.253E+02   2.457E+02  3.038E-01 
1.264E+02   2.452E+02  3.017E-01 
1.274E+02   2.446E+02  2.997E-01 
1.285E+02   2.441E+02  2.976E-01 
1.295E+02   2.435E+02  2.956E-01 
1.306E+02   2.429E+02  2.936E-01 
1.317E+02   2.423E+02  2.916E-01 
1.328E+02   2.418E+02  2.897E-01 
1.339E+02   2.412E+02  2.877E-01 
1.350E+02   2.406E+02  2.857E-01 
1.362E+02   2.400E+02  2.838E-01 
1.373E+02   2.393E+02  2.819E-01 
1.384E+02   2.387E+02  2.799E-01 
1.396E+02   2.381E+02  2.780E-01 
1.408E+02   2.375E+02  2.761E-01 
1.419E+02   2.368E+02  2.743E-01 
1.431E+02   2.362E+02  2.724E-01 
1.443E+02   2.355E+02  2.705E-01 
1.455E+02   2.349E+02  2.687E-01 
1.467E+02   2.342E+02  2.669E-01 
1.479E+02   2.335E+02  2.650E-01 
1.492E+02   2.329E+02  2.632E-01 
1.504E+02   2.322E+02  2.614E-01 
1.517E+02   2.315E+02  2.597E-01 
1.529E+02   2.308E+02  2.579E-01 
1.542E+02   2.301E+02  2.561E-01 
1.555E+02   2.294E+02  2.544E-01 
1.568E+02   2.287E+02  2.526E-01 
1.581E+02   2.280E+02  2.509E-01 
1.594E+02   2.273E+02  2.492E-01 
1.607E+02   2.265E+02  2.475E-01 
1.621E+02   2.258E+02  2.458E-01 
1.634E+02   2.251E+02  2.441E-01 
1.648E+02   2.243E+02  2.424E-01 
1.662E+02   2.236E+02  2.408E-01 
1.676E+02   2.229E+02  2.391E-01 
1.690E+02   2.221E+02  2.375E-01 
1.704E+02   2.214E+02  2.359E-01 
1.718E+02   2.206E+02  2.343E-01 
1.732E+02   2.199E+02  2.326E-01 
1.747E+02   2.191E+02  2.311E-01 
1.761E+02   2.183E+02  2.295E-01 
1.776E+02   2.176E+02  2.279E-01 
1.791E+02   2.168E+02  2.263E-01 
1.806E+02   2.160E+02  2.248E-01 
1.821E+02   2.152E+02  2.232E-01 
1.836E+02   2.145E+02  2.217E-01 
1.851E+02   2.137E+02  2.202E-01 
1.867E+02   2.129E+02  2.187E-01 
1.882E+02   2.121E+02  2.172E-01 
1.898E+02   2.113E+02  2.157E-01 
1.914E+02   2.106E+02  2.142E-01 
1.930E+02   2.098E+02  2.127E-01 
1.946E+02   2.090E+02  2.112E-01 
1.962E+02   2.082E+02  2.098E-01 
1.978E+02   2.074E+02  2.083E-01 
1.995E+02   2.066E+02  2.069E-01 
2.011E+02   2.058E+02  2.055E-01 
2.028E+02   2.050E+02  2.041E-01 
2.045E+02   2.042E+02  2.027E-01 
2.062E+02   2.034E+02  2.013E-01 
2.079E+02   2.026E+02  1.999E-01 
2.097E+02   2.018E+02  1.985E-01 
2.114E+02   2.010E+02  1.971E-01 
2.132E+02   2.002E+02  1.958E-01 
2.150E+02   1.994E+02  1.944E-01 
2.167E+02   1.986E+02  1.931E-01 
2.185E+02   1.978E+02  1.917E-01 
2.204E+02   1.970E+02  1.904E-01 
2.222E+02   1.962E+02  1.891E-01 
2.241E+02   1.954E+02  1.878E-01 
2.259E+02   1.946E+02  1.865E-01 
2.278E+02   1.937E+02  1.852E-01 
2.297E+02   1.929E+02  1.839E-01 
2.316E+02   1.921E+02  1.826E-01 
2.336E+02   1.913E+02  1.814E-01 
2.355E+02   1.905E+02  1.801E-01 
2.375E+02   1.897E+02  1.789E-01 
2.394E+02   1.889E+02  1.776E-01 
2.414E+02   1.881E+02  1.764E-01 
2.435E+02   1.873E+02  1.752E-01 
2.455E+02   1.865E+02  1.740E-01 
2.475E+02   1.857E+02  1.727E-01 
2.496E+02   1.849E+02  1.715E-01 
2.517E+02   1.841E+02  1.704E-01 
2.538E+02   1.833E+02  1.692E-01 
2.559E+02   1.825E+02  1.680E-01 
2.580E+02   1.817E+02  1.668E-01 
2.602E+02   1.809E+02  1.657E-01 
2.623E+02   1.801E+02  1.645E-01 
2.645E+02   1.793E+02  1.634E-01 
2.667E+02   1.785E+02  1.622E-01 
2.690E+02   1.777E+02  1.611E-01 
2.712E+02   1.769E+02  1.600E-01 
2.735E+02   1.762E+02  1.589E-01 
2.757E+02   1.754E+02  1.578E-01 
2.780E+02   1.746E+02  1.567E-01 
2.804E+02   1.738E+02  1.556E-01 
2.827E+02   1.730E+02  1.545E-01 
2.851E+02   1.722E+02  1.534E-01 
2.874E+02   1.714E+02  1.524E-01 
2.898E+02   1.707E+02  1.513E-01 
2.922E+02   1.699E+02  1.502E-01 
2.947E+02   1.691E+02  1.492E-01 
2.971E+02   1.683E+02  1.481E-01 
2.996E+02   1.676E+02  1.471E-01 
3.021E+02   1.668E+02  1.461E-01 
3.046E+02   1.660E+02  1.451E-01 
3.072E+02   1.653E+02  1.441E-01 
3.097E+02   1.645E+02  1.430E-01 
3.123E+02   1.637E+02  1.420E-01 
3.149E+02   1.630E+02  1.411E-01 
3.175E+02   1.622E+02  1.401E-01 
3.202E+02   1.615E+02  1.391E-01 
3.229E+02   1.607E+02  1.381E-01 
3.256E+02   1.600E+02  1.371E-01 
3.283E+02   1.592E+02  1.362E-01 
3.310E+02   1.585E+02  1.352E-01 
3.338E+02   1.577E+02  1.343E-01 
3.365E+02   1.570E+02  1.334E-01 
3.394E+02   1.562E+02  1.324E-01 
3.422E+02   1.555E+02  1.315E-01 
3.450E+02   1.547E+02  1.306E-01 
3.479E+02   1.540E+02  1.297E-01 
3.508E+02   1.533E+02  1.287E-01 
3.537E+02   1.525E+02  1.278E-01 
3.567E+02   1.518E+02  1.269E-01 
3.597E+02   1.511E+02  1.261E-01 
3.627E+02   1.504E+02  1.252E-01 
3.657E+02   1.496E+02  1.243E-01 
3.687E+02   1.489E+02  1.234E-01 
3.718E+02   1.482E+02  1.226E-01 
3.749E+02   1.475E+02  1.217E-01 
3.780E+02   1.468E+02  1.208E-01 
3.812E+02   1.461E+02  1.200E-01 
3.844E+02   1.454E+02  1.191E-01 
3.876E+02   1.447E+02  1.183E-01 
3.908E+02   1.440E+02  1.175E-01 
3.940E+02   1.433E+02  1.167E-01 
3.973E+02   1.426E+02  1.158E-01 
4.006E+02   1.419E+02  1.150E-01 
4.040E+02   1.412E+02  1.142E-01 
4.074E+02   1.405E+02  1.134E-01 
4.108E+02   1.398E+02  1.126E-01 
4.142E+02   1.391E+02  1.118E-01 
4.176E+02   1.384E+02  1.110E-01 
4.211E+02   1.378E+02  1.102E-01 
4.246E+02   1.371E+02  1.095E-01 
4.282E+02   1.364E+02  1.087E-01 
4.317E+02   1.357E+02  1.079E-01 
4.353E+02   1.351E+02  1.072E-01 
4.390E+02   1.344E+02  1.064E-01 
4.426E+02   1.337E+02  1.057E-01 
4.463E+02   1.331E+02  1.049E-01 
4.500E+02   1.324E+02  1.042E-01 
4.538E+02   1.318E+02  1.034E-01 
4.576E+02   1.311E+02  1.027E-01 
4.614E+02   1.304E+02  1.020E-01 
4.652E+02   1.298E+02  1.013E-01 
4.691E+02   1.292E+02  1.006E-01 
4.730E+02   1.285E+02  9.984E-02 
4.770E+02   1.279E+02  9.913E-02 
4.809E+02   1.272E+02  9.843E-02 
4.849E+02   1.266E+02  9.774E-02 
4.890E+02   1.260E+02  9.705E-02 
4.931E+02   1.253E+02  9.636E-02 
4.972E+02   1.247E+02  9.568E-02 
5.013E+02   1.241E+02  9.500E-02 
5.055E+02   1.235E+02  9.433E-02 
5.097E+02   1.228E+02  9.366E-02 
5.140E+02   1.222E+02  9.300E-02 
5.182E+02   1.216E+02  9.234E-02 
5.226E+02   1.210E+02  9.169E-02 
5.269E+02   1.204E+02  9.104E-02 
5.313E+02   1.198E+02  9.039E-02 
5.357E+02   1.192E+02  8.975E-02 
5.402E+02   1.186E+02  8.912E-02 
5.447E+02   1.180E+02  8.848E-02 
5.493E+02   1.174E+02  8.786E-02 
5.538E+02   1.168E+02  8.723E-02 
5.585E+02   1.162E+02  8.662E-02 
5.631E+02   1.156E+02  8.600E-02 
5.678E+02   1.150E+02  8.539E-02 
5.725E+02   1.144E+02  8.478E-02 
5.773E+02   1.138E+02  8.418E-02 
5.821E+02   1.132E+02  8.359E-02 
5.870E+02   1.127E+02  8.299E-02 
5.919E+02   1.121E+02  8.240E-02 
5.968E+02   1.115E+02  8.182E-02 
6.018E+02   1.110E+02  8.124E-02 
6.068E+02   1.104E+02  8.066E-02 
6.119E+02   1.098E+02  8.008E-02 
6.170E+02   1.093E+02  7.952E-02 
6.221E+02   1.087E+02  7.895E-02 
6.273E+02   1.081E+02  7.839E-02 
6.325E+02   1.076E+02  7.783E-02 
6.378E+02   1.070E+02  7.728E-02 
6.431E+02   1.065E+02  7.673E-02 
6.485E+02   1.059E+02  7.618E-02 
6.539E+02   1.054E+02  7.564E-02 
6.593E+02   1.048E+02  7.510E-02 
6.648E+02   1.043E+02  7.457E-02 
6.704E+02   1.038E+02  7.403E-02 
6.760E+02   1.032E+02  7.351E-02 
6.816E+02   1.027E+02  7.298E-02 
6.873E+02   1.022E+02  7.246E-02 
6.930E+02   1.016E+02  7.195E-02 
6.988E+02   1.011E+02  7.143E-02 
7.046E+02   1.006E+02  7.092E-02 
7.105E+02   1.001E+02  7.042E-02 
7.164E+02   9.955E+01  6.992E-02 
7.224E+02   9.903E+01  6.942E-02 
7.284E+02   9.852E+01  6.892E-02 
7.345E+02   9.801E+01  6.843E-02 
7.406E+02   9.750E+01  6.794E-02 
7.468E+02   9.699E+01  6.746E-02 
7.530E+02   9.649E+01  6.697E-02 
7.593E+02   9.598E+01  6.650E-02 
7.656E+02   9.548E+01  6.602E-02 
7.720E+02   9.499E+01  6.555E-02 
7.784E+02   9.449E+01  6.508E-02 
7.849E+02   9.400E+01  6.462E-02 
7.915E+02   9.351E+01  6.415E-02 
7.981E+02   9.302E+01  6.370E-02 
8.047E+02   9.253E+01  6.324E-02 
8.114E+02   9.205E+01  6.279E-02 
8.182E+02   9.157E+01  6.234E-02 
8.250E+02   9.109E+01  6.189E-02 
8.319E+02   9.061E+01  6.145E-02 
8.388E+02   9.014E+01  6.101E-02 
8.458E+02   8.966E+01  6.057E-02 
8.529E+02   8.919E+01  6.014E-02 
8.600E+02   8.872E+01  5.971E-02 
8.671E+02   8.826E+01  5.928E-02 
8.744E+02   8.779E+01  5.886E-02 
8.817E+02   8.733E+01  5.843E-02 
8.890E+02   8.687E+01  5.802E-02 
8.964E+02   8.641E+01  5.760E-02 
9.039E+02   8.596E+01  5.719E-02 
9.114E+02   8.551E+01  5.678E-02 
9.190E+02   8.506E+01  5.637E-02 
9.267E+02   8.461E+01  5.597E-02 
9.344E+02   8.416E+01  5.556E-02 
9.422E+02   8.372E+01  5.517E-02 
9.501E+02   8.327E+01  5.477E-02 
9.580E+02   8.283E+01  5.438E-02 
9.660E+02   8.240E+01  5.399E-02 
9.740E+02   8.196E+01  5.360E-02 
9.821E+02   8.153E+01  5.321E-02 
9.903E+02   8.109E+01  5.283E-02 
9.986E+02   8.066E+01  5.245E-02 
1.007E+03   8.024E+01  5.208E-02 
1.015E+03   7.986E+01  5.170E-02 
1.024E+03   7.948E+01  5.133E-02 
1.032E+03   7.910E+01  5.096E-02 
1.041E+03   7.872E+01  5.059E-02 
1.050E+03   7.833E+01  5.023E-02 
1.058E+03   7.795E+01  4.987E-02 
1.067E+03   7.755E+01  4.951E-02 
1.076E+03   7.716E+01  4.915E-02 
1.085E+03   7.676E+01  4.880E-02 
1.094E+03   7.636E+01  4.845E-02 
1.103E+03   7.595E+01  4.810E-02 
1.112E+03   7.555E+01  4.776E-02 
1.122E+03   7.513E+01  4.741E-02 
1.131E+03   7.472E+01  4.707E-02 
1.140E+03   7.430E+01  4.673E-02 
1.150E+03   7.388E+01  4.639E-02 
1.160E+03   7.345E+01  4.606E-02 
1.169E+03   7.302E+01  4.573E-02 
1.179E+03   7.259E+01  4.540E-02 
1.189E+03   7.215E+01  4.507E-02 
1.199E+03   7.171E+01  4.475E-02 
1.209E+03   7.127E+01  4.442E-02 
1.219E+03   7.085E+01  4.410E-02 
1.229E+03   7.044E+01  4.379E-02 
1.239E+03   7.003E+01  4.347E-02 
1.250E+03   6.962E+01  4.316E-02 
1.260E+03   6.921E+01  4.284E-02 
1.270E+03   6.881E+01  4.254E-02 
1.281E+03   6.840E+01  4.223E-02 
1.292E+03   6.800E+01  4.192E-02 
1.302E+03   6.761E+01  4.162E-02 
1.313E+03   6.721E+01  4.132E-02 
1.324E+03   6.682E+01  4.102E-02 
1.335E+03   6.642E+01  4.073E-02 
1.346E+03   6.603E+01  4.043E-02 
1.358E+03   6.565E+01  4.014E-02 
1.369E+03   6.526E+01  3.985E-02 
1.380E+03   6.488E+01  3.956E-02 
1.392E+03   6.450E+01  3.928E-02 
1.404E+03   6.412E+01  3.899E-02 
1.415E+03   6.374E+01  3.871E-02 
1.427E+03   6.337E+01  3.843E-02 
1.439E+03   6.299E+01  3.815E-02 
1.451E+03   6.262E+01  3.788E-02 
1.463E+03   6.225E+01  3.760E-02 
1.475E+03   6.189E+01  3.733E-02 
1.487E+03   6.152E+01  3.706E-02 
1.500E+03   6.116E+01  3.679E-02 
1.512E+03   6.080E+01  3.653E-02 
1.525E+03   6.044E+01  3.626E-02 
1.538E+03   6.008E+01  3.600E-02 
1.551E+03   5.972E+01  3.574E-02 
1.563E+03   5.937E+01  3.548E-02 
1.577E+03   5.902E+01  3.522E-02 
1.590E+03   5.867E+01  3.497E-02 
1.603E+03   5.832E+01  3.471E-02 
1.616E+03   5.797E+01  3.446E-02 
1.630E+03   5.763E+01  3.421E-02 
1.643E+03   5.729E+01  3.396E-02 
1.657E+03   5.695E+01  3.372E-02 
1.671E+03   5.661E+01  3.347E-02 
1.685E+03   5.627E+01  3.323E-02 
1.699E+03   5.594E+01  3.299E-02 
1.713E+03   5.560E+01  3.275E-02 
1.727E+03   5.527E+01  3.251E-02 
1.742E+03   5.494E+01  3.228E-02 
1.756E+03   5.461E+01  3.204E-02 
1.771E+03   5.429E+01  3.181E-02 
1.786E+03   5.396E+01  3.158E-02 
1.800E+03   5.364E+01  3.135E-02 
1.815E+03   5.332E+01  3.112E-02 
1.831E+03   5.300E+01  3.090E-02 
1.846E+03   5.268E+01  3.067E-02 
1.861E+03   5.236E+01  3.045E-02 
1.877E+03   5.205E+01  3.023E-02 
1.892E+03   5.174E+01  3.001E-02 
1.908E+03   5.143E+01  2.979E-02 
1.924E+03   5.112E+01  2.957E-02 
1.940E+03   5.081E+01  2.936E-02 
1.956E+03   5.050E+01  2.914E-02 
1.973E+03   5.020E+01  2.893E-02 
1.989E+03   4.990E+01  2.872E-02 
2.006E+03   4.960E+01  2.851E-02 
2.022E+03   4.930E+01  2.831E-02 
2.039E+03   4.900E+01  2.810E-02 
2.056E+03   4.870E+01  2.789E-02 
2.073E+03   4.841E+01  2.769E-02 
2.091E+03   4.811E+01  2.749E-02 
2.108E+03   4.782E+01  2.729E-02 
2.126E+03   4.753E+01  2.709E-02 
2.143E+03   4.724E+01  2.689E-02 
2.161E+03   4.696E+01  2.670E-02 
2.179E+03   4.667E+01  2.650E-02 
2.197E+03   4.639E+01  2.631E-02 
2.216E+03   4.611E+01  2.612E-02 
2.234E+03   4.583E+01  2.593E-02 
2.253E+03   4.555E+01  2.574E-02 
2.272E+03   4.527E+01  2.555E-02 
2.291E+03   4.499E+01  2.537E-02 
2.310E+03   4.472E+01  2.518E-02 
2.329E+03   4.445E+01  2.500E-02 
2.348E+03   4.417E+01  2.481E-02 
2.368E+03   4.390E+01  2.463E-02 
2.388E+03   4.364E+01  2.445E-02 
2.408E+03   4.337E+01  2.428E-02 
2.428E+03   4.310E+01  2.410E-02 
2.448E+03   4.284E+01  2.392E-02 
2.468E+03   4.258E+01  2.375E-02 
2.489E+03   4.231E+01  2.357E-02 
2.510E+03   4.205E+01  2.340E-02 
2.531E+03   4.180E+01  2.323E-02 
2.552E+03   4.154E+01  2.306E-02 
2.573E+03   4.128E+01  2.289E-02 
2.594E+03   4.103E+01  2.273E-02 
2.616E+03   4.078E+01  2.256E-02 
2.638E+03   4.053E+01  2.240E-02 
2.660E+03   4.028E+01  2.223E-02 
2.682E+03   4.003E+01  2.207E-02 
2.704E+03   3.978E+01  2.191E-02 
2.727E+03   3.953E+01  2.175E-02 
2.750E+03   3.929E+01  2.159E-02 
2.773E+03   3.905E+01  2.143E-02 
2.796E+03   3.880E+01  2.127E-02 
2.819E+03   3.856E+01  2.112E-02 
2.842E+03   3.832E+01  2.096E-02 
2.866E+03   3.809E+01  2.081E-02 
2.890E+03   3.785E+01  2.066E-02 
2.914E+03   3.761E+01  2.051E-02 
2.938E+03   3.738E+01  2.036E-02 
2.963E+03   3.715E+01  2.021E-02 
2.988E+03   3.692E+01  2.006E-02 
3.013E+03   3.669E+01  1.991E-02 
3.038E+03   3.646E+01  1.977E-02 
3.063E+03   3.623E+01  1.962E-02 
3.089E+03   3.600E+01  1.948E-02 
3.114E+03   3.578E+01  1.934E-02 
3.140E+03   3.556E+01  1.920E-02 
3.166E+03   3.533E+01  1.905E-02 
3.193E+03   3.511E+01  1.892E-02 
3.219E+03   3.489E+01  1.878E-02 
3.246E+03   3.467E+01  1.864E-02 
3.273E+03   3.446E+01  1.850E-02 
3.301E+03   3.424E+01  1.837E-02 
3.328E+03   3.403E+01  1.823E-02 
3.356E+03   3.381E+01  1.810E-02 
3.384E+03   3.360E+01  1.797E-02 
3.412E+03   3.339E+01  1.783E-02 
3.441E+03   3.318E+01  1.770E-02 
3.469E+03   3.297E+01  1.757E-02 
3.498E+03   3.276E+01  1.744E-02 
3.527E+03   3.256E+01  1.732E-02 
3.557E+03   3.235E+01  1.719E-02 
3.586E+03   3.215E+01  1.706E-02 
3.616E+03   3.194E+01  1.694E-02 
3.646E+03   3.174E+01  1.681E-02 
3.677E+03   3.154E+01  1.669E-02 
3.707E+03   3.134E+01  1.657E-02 
3.738E+03   3.114E+01  1.645E-02 
3.770E+03   3.095E+01  1.632E-02 
3.801E+03   3.075E+01  1.621E-02 
3.833E+03   3.055E+01  1.609E-02 
3.865E+03   3.036E+01  1.597E-02 
3.897E+03   3.017E+01  1.585E-02 
3.929E+03   2.998E+01  1.573E-02 
3.962E+03   2.979E+01  1.562E-02 
3.995E+03   2.960E+01  1.550E-02 
4.028E+03   2.941E+01  1.539E-02 
4.062E+03   2.922E+01  1.528E-02 
4.096E+03   2.904E+01  1.516E-02 
4.130E+03   2.885E+01  1.505E-02 
4.164E+03   2.867E+01  1.494E-02 
4.199E+03   2.848E+01  1.483E-02 
4.234E+03   2.830E+01  1.472E-02 
4.269E+03   2.812E+01  1.461E-02 
4.305E+03   2.794E+01  1.451E-02 
4.341E+03   2.776E+01  1.440E-02 
4.377E+03   2.759E+01  1.429E-02 
4.414E+03   2.741E+01  1.419E-02 
4.450E+03   2.723E+01  1.408E-02 
4.488E+03   2.706E+01  1.398E-02 
4.525E+03   2.689E+01  1.388E-02 
4.563E+03   2.671E+01  1.378E-02 
4.601E+03   2.654E+01  1.367E-02 
4.639E+03   2.637E+01  1.357E-02 
4.678E+03   2.620E+01  1.347E-02 
4.717E+03   2.603E+01  1.337E-02 
4.756E+03   2.587E+01  1.328E-02 
4.796E+03   2.570E+01  1.318E-02 
4.836E+03   2.554E+01  1.308E-02 
4.876E+03   2.537E+01  1.298E-02 
4.917E+03   2.521E+01  1.289E-02 
4.958E+03   2.505E+01  1.279E-02 
4.999E+03   2.488E+01  1.270E-02 
5.041E+03   2.472E+01  1.261E-02 
5.083E+03   2.456E+01  1.251E-02 
5.125E+03   2.441E+01  1.242E-02 
5.168E+03   2.425E+01  1.233E-02 
5.211E+03   2.409E+01  1.224E-02 
5.254E+03   2.394E+01  1.215E-02 
5.298E+03   2.378E+01  1.206E-02 
5.342E+03   2.363E+01  1.197E-02 
5.387E+03   2.347E+01  1.188E-02 
5.432E+03   2.332E+01  1.179E-02 
5.477E+03   2.317E+01  1.171E-02 
5.523E+03   2.302E+01  1.162E-02 
5.569E+03   2.287E+01  1.153E-02 
5.615E+03   2.272E+01  1.145E-02 
5.662E+03   2.258E+01  1.136E-02 
5.709E+03   2.243E+01  1.128E-02 
5.757E+03   2.228E+01  1.120E-02 
5.805E+03   2.214E+01  1.111E-02 
5.853E+03   2.199E+01  1.103E-02 
5.902E+03   2.185E+01  1.095E-02 
5.951E+03   2.171E+01  1.087E-02 
6.001E+03   2.157E+01  1.079E-02 
6.051E+03   2.143E+01  1.071E-02 
6.101E+03   2.129E+01  1.063E-02 
6.152E+03   2.115E+01  1.055E-02 
6.203E+03   2.101E+01  1.047E-02 
6.255E+03   2.087E+01  1.040E-02 
6.307E+03   2.074E+01  1.032E-02 
6.360E+03   2.060E+01  1.024E-02 
6.413E+03   2.047E+01  1.017E-02 
6.466E+03   2.033E+01  1.009E-02 
6.520E+03   2.020E+01  1.002E-02 
6.575E+03   2.007E+01  9.943E-03 
6.629E+03   1.994E+01  9.870E-03 
6.685E+03   1.981E+01  9.797E-03 
6.740E+03   1.968E+01  9.724E-03 
6.797E+03   1.955E+01  9.652E-03 
6.853E+03   1.942E+01  9.581E-03 
6.910E+03   1.929E+01  9.510E-03 
6.968E+03   1.917E+01  9.439E-03 
7.026E+03   1.904E+01  9.370E-03 
7.085E+03   1.892E+01  9.300E-03 
7.144E+03   1.879E+01  9.231E-03 
7.203E+03   1.867E+01  9.163E-03 
7.263E+03   1.855E+01  9.095E-03 
7.324E+03   1.842E+01  9.028E-03 
7.385E+03   1.830E+01  8.961E-03 
7.447E+03   1.818E+01  8.894E-03 
7.509E+03   1.806E+01  8.828E-03 
7.571E+03   1.794E+01  8.763E-03 
7.634E+03   1.783E+01  8.698E-03 
7.698E+03   1.771E+01  8.634E-03 
7.762E+03   1.759E+01  8.570E-03 
7.827E+03   1.748E+01  8.506E-03 
7.892E+03   1.736E+01  8.443E-03 
7.958E+03   1.725E+01  8.380E-03 
8.024E+03   1.713E+01  8.318E-03 
8.091E+03   1.702E+01  8.257E-03 
8.159E+03   1.691E+01  8.195E-03 
8.227E+03   1.679E+01  8.134E-03 
8.295E+03   1.668E+01  8.074E-03 
8.364E+03   1.657E+01  8.014E-03 
8.434E+03   1.646E+01  7.955E-03 
8.504E+03   1.635E+01  7.896E-03 
8.575E+03   1.625E+01  7.837E-03 
8.647E+03   1.614E+01  7.779E-03 
8.719E+03   1.603E+01  7.721E-03 
8.792E+03   1.593E+01  7.664E-03 
8.865E+03   1.582E+01  7.607E-03 
8.939E+03   1.572E+01  7.550E-03 
9.013E+03   1.561E+01  7.494E-03 
9.088E+03   1.551E+01  7.439E-03 
9.164E+03   1.541E+01  7.383E-03 
9.241E+03   1.530E+01  7.329E-03 
9.318E+03   1.520E+01  7.274E-03 
9.395E+03   1.510E+01  7.220E-03 
9.474E+03   1.500E+01  7.166E-03 
9.553E+03   1.490E+01  7.113E-03 
9.632E+03   1.480E+01  7.060E-03 
9.713E+03   1.470E+01  7.008E-03 
9.794E+03   1.461E+01  6.956E-03 
9.875E+03   1.451E+01  6.904E-03 
9.958E+03   1.441E+01  6.853E-03 
1.004E+04   1.432E+01  6.802E-03 
1.012E+04   1.422E+01  6.751E-03 
1.021E+04   1.413E+01  6.701E-03 
1.029E+04   1.403E+01  6.651E-03 
1.038E+04   1.394E+01  6.602E-03 
1.047E+04   1.385E+01  6.553E-03 
1.055E+04   1.375E+01  6.504E-03 
1.064E+04   1.366E+01  6.455E-03 
1.073E+04   1.357E+01  6.407E-03 
1.082E+04   1.348E+01  6.360E-03 
1.091E+04   1.339E+01  6.312E-03 
1.100E+04   1.330E+01  6.265E-03 
1.109E+04   1.321E+01  6.219E-03 
1.118E+04   1.313E+01  6.172E-03 
1.128E+04   1.304E+01  6.126E-03 
1.137E+04   1.295E+01  6.081E-03 
1.147E+04   1.286E+01  6.036E-03 
1.156E+04   1.278E+01  5.991E-03 
1.166E+04   1.269E+01  5.946E-03 
1.176E+04   1.261E+01  5.902E-03 
1.185E+04   1.252E+01  5.858E-03 
1.195E+04   1.244E+01  5.814E-03 
1.205E+04   1.236E+01  5.771E-03 
1.215E+04   1.227E+01  5.728E-03 
1.225E+04   1.219E+01  5.685E-03 
1.236E+04   1.211E+01  5.643E-03 
1.246E+04   1.203E+01  5.601E-03 
1.256E+04   1.195E+01  5.559E-03 
1.267E+04   1.187E+01  5.517E-03 
1.277E+04   1.179E+01  5.476E-03 
1.288E+04   1.171E+01  5.435E-03 
1.299E+04   1.163E+01  5.395E-03 
1.310E+04   1.156E+01  5.355E-03 
1.321E+04   1.148E+01  5.315E-03 
1.332E+04   1.140E+01  5.275E-03 
1.343E+04   1.132E+01  5.236E-03 
1.354E+04   1.125E+01  5.197E-03 
1.365E+04   1.117E+01  5.158E-03 
1.376E+04   1.110E+01  5.119E-03 
1.388E+04   1.102E+01  5.081E-03 
1.400E+04   1.095E+01  5.043E-03 
1.411E+04   1.088E+01  5.006E-03 
1.423E+04   1.080E+01  4.968E-03 
1.435E+04   1.073E+01  4.931E-03 
1.447E+04   1.066E+01  4.894E-03 
1.459E+04   1.059E+01  4.858E-03 
1.471E+04   1.052E+01  4.822E-03 
1.483E+04   1.045E+01  4.786E-03 
1.496E+04   1.038E+01  4.750E-03 
1.508E+04   1.031E+01  4.714E-03 
1.521E+04   1.024E+01  4.679E-03 
1.533E+04   1.017E+01  4.644E-03 
1.546E+04   1.010E+01  4.610E-03 
1.559E+04   1.003E+01  4.575E-03 
1.572E+04   9.965E+00  4.541E-03 
1.585E+04   9.898E+00  4.507E-03 
1.598E+04   9.832E+00  4.473E-03 
1.612E+04   9.766E+00  4.440E-03 
1.625E+04   9.700E+00  4.407E-03 
1.639E+04   9.635E+00  4.374E-03 
1.652E+04   9.570E+00  4.341E-03 
1.666E+04   9.506E+00  4.309E-03 
1.680E+04   9.442E+00  4.276E-03 
1.694E+04   9.379E+00  4.244E-03 
1.708E+04   9.316E+00  4.213E-03 
1.722E+04   9.253E+00  4.181E-03 
1.737E+04   9.191E+00  4.150E-03 
1.751E+04   9.129E+00  4.119E-03 
1.766E+04   9.068E+00  4.088E-03 
1.781E+04   9.007E+00  4.057E-03 
1.795E+04   8.946E+00  4.027E-03 
1.810E+04   8.886E+00  3.997E-03 
1.825E+04   8.826E+00  3.967E-03 
1.841E+04   8.767E+00  3.937E-03 
1.856E+04   8.708E+00  3.908E-03 
1.871E+04   8.649E+00  3.879E-03 
1.887E+04   8.591E+00  3.850E-03 
1.903E+04   8.533E+00  3.821E-03 
1.919E+04   8.476E+00  3.792E-03 
1.935E+04   8.419E+00  3.764E-03 
1.951E+04   8.362E+00  3.736E-03 
1.967E+04   8.306E+00  3.708E-03 
1.983E+04   8.250E+00  3.680E-03 
2.000E+04   8.195E+00  3.652E-03 
