Ion = Hydrogen    , Mass = 3.016
Tgt = Al (Solid), Density = 2.702 g/cm3
Stopping Units = MeV/mm       
Energy(keV)  S(Elec)    S(Nuc)
5.000E+00   3.298E+01  4.700E+00 
5.042E+00   3.312E+01  4.681E+00 
5.084E+00   3.326E+01  4.662E+00 
5.126E+00   3.340E+01  4.644E+00 
5.169E+00   3.354E+01  4.625E+00 
5.212E+00   3.367E+01  4.606E+00 
5.255E+00   3.381E+01  4.588E+00 
5.299E+00   3.395E+01  4.569E+00 
5.343E+00   3.409E+01  4.551E+00 
5.388E+00   3.424E+01  4.532E+00 
5.433E+00   3.438E+01  4.513E+00 
5.478E+00   3.452E+01  4.495E+00 
5.524E+00   3.467E+01  4.476E+00 
5.570E+00   3.481E+01  4.458E+00 
5.616E+00   3.496E+01  4.440E+00 
5.663E+00   3.510E+01  4.421E+00 
5.710E+00   3.525E+01  4.403E+00 
5.758E+00   3.539E+01  4.385E+00 
5.806E+00   3.554E+01  4.366E+00 
5.854E+00   3.569E+01  4.348E+00 
5.903E+00   3.584E+01  4.330E+00 
5.952E+00   3.599E+01  4.312E+00 
6.002E+00   3.614E+01  4.293E+00 
6.052E+00   3.628E+01  4.275E+00 
6.102E+00   3.641E+01  4.257E+00 
6.153E+00   3.655E+01  4.239E+00 
6.205E+00   3.668E+01  4.221E+00 
6.256E+00   3.682E+01  4.203E+00 
6.309E+00   3.696E+01  4.185E+00 
6.361E+00   3.709E+01  4.167E+00 
6.414E+00   3.723E+01  4.149E+00 
6.468E+00   3.737E+01  4.131E+00 
6.522E+00   3.751E+01  4.113E+00 
6.576E+00   3.764E+01  4.096E+00 
6.631E+00   3.778E+01  4.078E+00 
6.686E+00   3.792E+01  4.060E+00 
6.742E+00   3.806E+01  4.042E+00 
6.798E+00   3.820E+01  4.025E+00 
6.855E+00   3.834E+01  4.007E+00 
6.912E+00   3.849E+01  3.990E+00 
6.969E+00   3.863E+01  3.972E+00 
7.028E+00   3.877E+01  3.954E+00 
7.086E+00   3.891E+01  3.937E+00 
7.145E+00   3.906E+01  3.920E+00 
7.205E+00   3.920E+01  3.902E+00 
7.265E+00   3.935E+01  3.885E+00 
7.325E+00   3.949E+01  3.868E+00 
7.386E+00   3.964E+01  3.850E+00 
7.448E+00   3.978E+01  3.833E+00 
7.510E+00   3.993E+01  3.816E+00 
7.573E+00   4.008E+01  3.799E+00 
7.636E+00   4.023E+01  3.781E+00 
7.700E+00   4.038E+01  3.764E+00 
7.764E+00   4.052E+01  3.747E+00 
7.828E+00   4.067E+01  3.730E+00 
7.894E+00   4.082E+01  3.713E+00 
7.960E+00   4.098E+01  3.696E+00 
8.026E+00   4.113E+01  3.680E+00 
8.093E+00   4.128E+01  3.663E+00 
8.160E+00   4.143E+01  3.646E+00 
8.228E+00   4.158E+01  3.629E+00 
8.297E+00   4.174E+01  3.612E+00 
8.366E+00   4.189E+01  3.596E+00 
8.436E+00   4.205E+01  3.579E+00 
8.506E+00   4.220E+01  3.563E+00 
8.577E+00   4.236E+01  3.546E+00 
8.649E+00   4.251E+01  3.529E+00 
8.721E+00   4.267E+01  3.513E+00 
8.793E+00   4.283E+01  3.497E+00 
8.867E+00   4.299E+01  3.480E+00 
8.941E+00   4.314E+01  3.464E+00 
9.015E+00   4.330E+01  3.448E+00 
9.090E+00   4.346E+01  3.432E+00 
9.166E+00   4.362E+01  3.415E+00 
9.242E+00   4.378E+01  3.399E+00 
9.320E+00   4.395E+01  3.383E+00 
9.397E+00   4.411E+01  3.367E+00 
9.476E+00   4.427E+01  3.351E+00 
9.555E+00   4.444E+01  3.335E+00 
9.634E+00   4.460E+01  3.319E+00 
9.715E+00   4.476E+01  3.303E+00 
9.796E+00   4.493E+01  3.287E+00 
9.877E+00   4.509E+01  3.272E+00 
9.960E+00   4.526E+01  3.256E+00 
1.004E+01   4.543E+01  3.240E+00 
1.013E+01   4.560E+01  3.225E+00 
1.021E+01   4.577E+01  3.209E+00 
1.030E+01   4.594E+01  3.194E+00 
1.038E+01   4.611E+01  3.178E+00 
1.047E+01   4.628E+01  3.163E+00 
1.056E+01   4.645E+01  3.147E+00 
1.064E+01   4.662E+01  3.132E+00 
1.073E+01   4.679E+01  3.117E+00 
1.082E+01   4.697E+01  3.101E+00 
1.091E+01   4.714E+01  3.086E+00 
1.100E+01   4.732E+01  3.071E+00 
1.110E+01   4.749E+01  3.056E+00 
1.119E+01   4.767E+01  3.041E+00 
1.128E+01   4.785E+01  3.026E+00 
1.137E+01   4.802E+01  3.011E+00 
1.147E+01   4.820E+01  2.996E+00 
1.157E+01   4.838E+01  2.981E+00 
1.166E+01   4.856E+01  2.966E+00 
1.176E+01   4.875E+01  2.952E+00 
1.186E+01   4.893E+01  2.937E+00 
1.196E+01   4.911E+01  2.922E+00 
1.206E+01   4.930E+01  2.908E+00 
1.216E+01   4.948E+01  2.893E+00 
1.226E+01   4.967E+01  2.879E+00 
1.236E+01   4.985E+01  2.864E+00 
1.246E+01   5.004E+01  2.850E+00 
1.257E+01   5.023E+01  2.835E+00 
1.267E+01   5.042E+01  2.821E+00 
1.278E+01   5.061E+01  2.807E+00 
1.288E+01   5.080E+01  2.792E+00 
1.299E+01   5.099E+01  2.778E+00 
1.310E+01   5.118E+01  2.764E+00 
1.321E+01   5.138E+01  2.750E+00 
1.332E+01   5.157E+01  2.736E+00 
1.343E+01   5.177E+01  2.722E+00 
1.354E+01   5.196E+01  2.708E+00 
1.365E+01   5.216E+01  2.694E+00 
1.377E+01   5.236E+01  2.681E+00 
1.388E+01   5.256E+01  2.667E+00 
1.400E+01   5.276E+01  2.653E+00 
1.412E+01   5.296E+01  2.639E+00 
1.423E+01   5.316E+01  2.626E+00 
1.435E+01   5.336E+01  2.612E+00 
1.447E+01   5.357E+01  2.599E+00 
1.459E+01   5.377E+01  2.585E+00 
1.471E+01   5.398E+01  2.572E+00 
1.484E+01   5.419E+01  2.558E+00 
1.496E+01   5.440E+01  2.545E+00 
1.508E+01   5.460E+01  2.532E+00 
1.521E+01   5.481E+01  2.519E+00 
1.534E+01   5.503E+01  2.505E+00 
1.547E+01   5.524E+01  2.492E+00 
1.559E+01   5.545E+01  2.479E+00 
1.572E+01   5.567E+01  2.466E+00 
1.586E+01   5.588E+01  2.453E+00 
1.599E+01   5.610E+01  2.440E+00 
1.612E+01   5.632E+01  2.428E+00 
1.626E+01   5.654E+01  2.415E+00 
1.639E+01   5.675E+01  2.402E+00 
1.653E+01   5.698E+01  2.389E+00 
1.666E+01   5.720E+01  2.377E+00 
1.680E+01   5.742E+01  2.364E+00 
1.694E+01   5.764E+01  2.352E+00 
1.709E+01   5.787E+01  2.339E+00 
1.723E+01   5.810E+01  2.327E+00 
1.737E+01   5.832E+01  2.314E+00 
1.752E+01   5.855E+01  2.302E+00 
1.766E+01   5.878E+01  2.289E+00 
1.781E+01   5.901E+01  2.277E+00 
1.796E+01   5.924E+01  2.265E+00 
1.811E+01   5.948E+01  2.253E+00 
1.826E+01   5.971E+01  2.241E+00 
1.841E+01   5.995E+01  2.229E+00 
1.856E+01   6.018E+01  2.217E+00 
1.872E+01   6.042E+01  2.205E+00 
1.888E+01   6.066E+01  2.193E+00 
1.903E+01   6.090E+01  2.181E+00 
1.919E+01   6.114E+01  2.169E+00 
1.935E+01   6.138E+01  2.157E+00 
1.951E+01   6.162E+01  2.146E+00 
1.968E+01   6.187E+01  2.134E+00 
1.984E+01   6.211E+01  2.122E+00 
2.000E+01   6.236E+01  2.111E+00 
2.017E+01   6.261E+01  2.099E+00 
2.034E+01   6.285E+01  2.088E+00 
2.051E+01   6.310E+01  2.076E+00 
2.068E+01   6.335E+01  2.065E+00 
2.085E+01   6.361E+01  2.054E+00 
2.103E+01   6.386E+01  2.042E+00 
2.120E+01   6.411E+01  2.031E+00 
2.138E+01   6.437E+01  2.020E+00 
2.156E+01   6.462E+01  2.009E+00 
2.174E+01   6.488E+01  1.998E+00 
2.192E+01   6.514E+01  1.987E+00 
2.210E+01   6.540E+01  1.976E+00 
2.228E+01   6.566E+01  1.965E+00 
2.247E+01   6.592E+01  1.954E+00 
2.266E+01   6.618E+01  1.943E+00 
2.285E+01   6.645E+01  1.932E+00 
2.304E+01   6.671E+01  1.922E+00 
2.323E+01   6.698E+01  1.911E+00 
2.342E+01   6.724E+01  1.900E+00 
2.362E+01   6.751E+01  1.890E+00 
2.381E+01   6.778E+01  1.879E+00 
2.401E+01   6.805E+01  1.868E+00 
2.421E+01   6.832E+01  1.858E+00 
2.442E+01   6.860E+01  1.848E+00 
2.462E+01   6.887E+01  1.837E+00 
2.482E+01   6.914E+01  1.827E+00 
2.503E+01   6.942E+01  1.817E+00 
2.524E+01   6.969E+01  1.806E+00 
2.545E+01   6.997E+01  1.796E+00 
2.566E+01   7.025E+01  1.786E+00 
2.588E+01   7.053E+01  1.776E+00 
2.609E+01   7.081E+01  1.766E+00 
2.631E+01   7.109E+01  1.756E+00 
2.653E+01   7.137E+01  1.746E+00 
2.675E+01   7.165E+01  1.736E+00 
2.697E+01   7.194E+01  1.726E+00 
2.720E+01   7.222E+01  1.717E+00 
2.742E+01   7.251E+01  1.707E+00 
2.765E+01   7.280E+01  1.697E+00 
2.788E+01   7.308E+01  1.687E+00 
2.812E+01   7.337E+01  1.678E+00 
2.835E+01   7.366E+01  1.668E+00 
2.859E+01   7.395E+01  1.659E+00 
2.883E+01   7.424E+01  1.649E+00 
2.907E+01   7.454E+01  1.640E+00 
2.931E+01   7.483E+01  1.630E+00 
2.955E+01   7.512E+01  1.621E+00 
2.980E+01   7.542E+01  1.612E+00 
3.005E+01   7.571E+01  1.602E+00 
3.030E+01   7.601E+01  1.593E+00 
3.055E+01   7.631E+01  1.584E+00 
3.080E+01   7.661E+01  1.575E+00 
3.106E+01   7.690E+01  1.566E+00 
3.132E+01   7.720E+01  1.557E+00 
3.158E+01   7.750E+01  1.548E+00 
3.184E+01   7.781E+01  1.539E+00 
3.211E+01   7.811E+01  1.530E+00 
3.238E+01   7.841E+01  1.521E+00 
3.265E+01   7.871E+01  1.512E+00 
3.292E+01   7.902E+01  1.503E+00 
3.319E+01   7.932E+01  1.495E+00 
3.347E+01   7.963E+01  1.486E+00 
3.375E+01   7.993E+01  1.477E+00 
3.403E+01   8.024E+01  1.469E+00 
3.432E+01   8.055E+01  1.460E+00 
3.460E+01   8.086E+01  1.452E+00 
3.489E+01   8.117E+01  1.443E+00 
3.518E+01   8.147E+01  1.435E+00 
3.547E+01   8.178E+01  1.426E+00 
3.577E+01   8.209E+01  1.418E+00 
3.607E+01   8.241E+01  1.410E+00 
3.637E+01   8.272E+01  1.401E+00 
3.667E+01   8.303E+01  1.393E+00 
3.698E+01   8.334E+01  1.385E+00 
3.729E+01   8.366E+01  1.377E+00 
3.760E+01   8.397E+01  1.343E+00 
3.791E+01   8.428E+01  1.335E+00 
3.823E+01   8.460E+01  1.327E+00 
3.855E+01   8.491E+01  1.319E+00 
3.887E+01   8.523E+01  1.312E+00 
3.919E+01   8.554E+01  1.304E+00 
3.952E+01   8.586E+01  1.296E+00 
3.985E+01   8.618E+01  1.289E+00 
4.018E+01   8.649E+01  1.281E+00 
4.051E+01   8.681E+01  1.273E+00 
4.085E+01   8.713E+01  1.266E+00 
4.119E+01   8.745E+01  1.258E+00 
4.154E+01   8.776E+01  1.251E+00 
4.188E+01   8.808E+01  1.244E+00 
4.223E+01   8.840E+01  1.236E+00 
4.258E+01   8.872E+01  1.229E+00 
4.294E+01   8.904E+01  1.222E+00 
4.330E+01   8.936E+01  1.214E+00 
4.366E+01   8.968E+01  1.207E+00 
4.402E+01   9.000E+01  1.200E+00 
4.439E+01   9.032E+01  1.193E+00 
4.476E+01   9.064E+01  1.186E+00 
4.513E+01   9.096E+01  1.179E+00 
4.551E+01   9.128E+01  1.172E+00 
4.589E+01   9.160E+01  1.165E+00 
4.627E+01   9.192E+01  1.158E+00 
4.666E+01   9.224E+01  1.151E+00 
4.704E+01   9.256E+01  1.144E+00 
4.744E+01   9.288E+01  1.137E+00 
4.783E+01   9.320E+01  1.130E+00 
4.823E+01   9.352E+01  1.123E+00 
4.863E+01   9.384E+01  1.116E+00 
4.904E+01   9.416E+01  1.110E+00 
4.945E+01   9.448E+01  1.103E+00 
4.986E+01   9.480E+01  1.096E+00 
5.027E+01   9.512E+01  1.090E+00 
5.069E+01   9.544E+01  1.083E+00 
5.112E+01   9.576E+01  1.077E+00 
5.154E+01   9.608E+01  1.070E+00 
5.197E+01   9.639E+01  1.064E+00 
5.241E+01   9.671E+01  1.057E+00 
5.284E+01   9.703E+01  1.051E+00 
5.328E+01   9.735E+01  1.044E+00 
5.373E+01   9.767E+01  1.038E+00 
5.418E+01   9.798E+01  1.032E+00 
5.463E+01   9.830E+01  1.025E+00 
5.508E+01   9.862E+01  1.019E+00 
5.554E+01   9.893E+01  1.013E+00 
5.600E+01   9.925E+01  1.007E+00 
5.647E+01   9.956E+01  1.001E+00 
5.694E+01   9.987E+01  9.946E-01 
5.742E+01   1.002E+02  9.885E-01 
5.790E+01   1.005E+02  9.825E-01 
5.838E+01   1.008E+02  9.764E-01 
5.886E+01   1.011E+02  9.705E-01 
5.936E+01   1.014E+02  9.645E-01 
5.985E+01   1.017E+02  9.586E-01 
6.035E+01   1.021E+02  9.527E-01 
6.085E+01   1.024E+02  9.469E-01 
6.136E+01   1.027E+02  9.410E-01 
6.187E+01   1.030E+02  9.352E-01 
6.239E+01   1.033E+02  9.295E-01 
6.291E+01   1.036E+02  9.237E-01 
6.343E+01   1.039E+02  9.181E-01 
6.396E+01   1.042E+02  9.124E-01 
6.449E+01   1.045E+02  9.068E-01 
6.503E+01   1.048E+02  9.011E-01 
6.557E+01   1.051E+02  8.956E-01 
6.612E+01   1.054E+02  8.900E-01 
6.667E+01   1.057E+02  8.845E-01 
6.723E+01   1.060E+02  8.790E-01 
6.779E+01   1.063E+02  8.736E-01 
6.835E+01   1.066E+02  8.681E-01 
6.892E+01   1.069E+02  8.628E-01 
6.950E+01   1.072E+02  8.574E-01 
7.008E+01   1.075E+02  8.521E-01 
7.066E+01   1.078E+02  8.468E-01 
7.125E+01   1.081E+02  8.415E-01 
7.184E+01   1.084E+02  8.362E-01 
7.244E+01   1.086E+02  8.310E-01 
7.305E+01   1.089E+02  8.258E-01 
7.366E+01   1.092E+02  8.207E-01 
7.427E+01   1.095E+02  8.155E-01 
7.489E+01   1.098E+02  8.104E-01 
7.551E+01   1.101E+02  8.054E-01 
7.614E+01   1.103E+02  8.003E-01 
7.678E+01   1.106E+02  7.953E-01 
7.742E+01   1.109E+02  7.903E-01 
7.806E+01   1.112E+02  7.854E-01 
7.871E+01   1.114E+02  7.804E-01 
7.937E+01   1.117E+02  7.755E-01 
8.003E+01   1.120E+02  7.707E-01 
8.070E+01   1.123E+02  7.658E-01 
8.137E+01   1.125E+02  7.610E-01 
8.205E+01   1.128E+02  7.562E-01 
8.273E+01   1.130E+02  7.514E-01 
8.342E+01   1.133E+02  7.467E-01 
8.412E+01   1.136E+02  7.420E-01 
8.482E+01   1.138E+02  7.373E-01 
8.553E+01   1.141E+02  7.326E-01 
8.624E+01   1.143E+02  7.280E-01 
8.696E+01   1.146E+02  7.234E-01 
8.769E+01   1.148E+02  7.188E-01 
8.842E+01   1.151E+02  7.143E-01 
8.915E+01   1.153E+02  7.098E-01 
8.990E+01   1.156E+02  7.053E-01 
9.065E+01   1.158E+02  7.008E-01 
9.140E+01   1.161E+02  6.963E-01 
9.216E+01   1.163E+02  6.919E-01 
9.293E+01   1.165E+02  6.875E-01 
9.371E+01   1.168E+02  6.831E-01 
9.449E+01   1.170E+02  6.788E-01 
9.528E+01   1.172E+02  6.745E-01 
9.607E+01   1.175E+02  6.702E-01 
9.687E+01   1.177E+02  6.659E-01 
9.768E+01   1.179E+02  6.617E-01 
9.849E+01   1.181E+02  6.574E-01 
9.931E+01   1.184E+02  6.532E-01 
1.001E+02   1.186E+02  6.491E-01 
1.010E+02   1.188E+02  6.449E-01 
1.018E+02   1.190E+02  6.408E-01 
1.027E+02   1.192E+02  6.367E-01 
1.035E+02   1.194E+02  6.326E-01 
1.044E+02   1.196E+02  6.286E-01 
1.053E+02   1.198E+02  6.245E-01 
1.061E+02   1.200E+02  6.205E-01 
1.070E+02   1.202E+02  6.166E-01 
1.079E+02   1.204E+02  6.126E-01 
1.088E+02   1.206E+02  6.087E-01 
1.097E+02   1.208E+02  6.048E-01 
1.106E+02   1.210E+02  6.009E-01 
1.116E+02   1.212E+02  5.970E-01 
1.125E+02   1.214E+02  5.932E-01 
1.134E+02   1.215E+02  5.893E-01 
1.144E+02   1.217E+02  5.855E-01 
1.153E+02   1.219E+02  5.818E-01 
1.163E+02   1.221E+02  5.780E-01 
1.173E+02   1.222E+02  5.743E-01 
1.182E+02   1.224E+02  5.706E-01 
1.192E+02   1.225E+02  5.669E-01 
1.202E+02   1.227E+02  5.632E-01 
1.212E+02   1.229E+02  5.596E-01 
1.222E+02   1.230E+02  5.560E-01 
1.232E+02   1.232E+02  5.524E-01 
1.243E+02   1.233E+02  5.488E-01 
1.253E+02   1.235E+02  5.452E-01 
1.264E+02   1.236E+02  5.417E-01 
1.274E+02   1.237E+02  5.382E-01 
1.285E+02   1.239E+02  5.347E-01 
1.295E+02   1.240E+02  5.312E-01 
1.306E+02   1.242E+02  5.278E-01 
1.317E+02   1.243E+02  5.243E-01 
1.328E+02   1.244E+02  5.209E-01 
1.339E+02   1.245E+02  5.175E-01 
1.350E+02   1.246E+02  5.142E-01 
1.362E+02   1.248E+02  5.108E-01 
1.373E+02   1.249E+02  5.075E-01 
1.384E+02   1.250E+02  5.042E-01 
1.396E+02   1.251E+02  5.009E-01 
1.408E+02   1.252E+02  4.976E-01 
1.419E+02   1.253E+02  4.944E-01 
1.431E+02   1.254E+02  4.912E-01 
1.443E+02   1.255E+02  4.880E-01 
1.455E+02   1.256E+02  4.848E-01 
1.467E+02   1.257E+02  4.816E-01 
1.479E+02   1.258E+02  4.784E-01 
1.492E+02   1.258E+02  4.753E-01 
1.504E+02   1.259E+02  4.722E-01 
1.517E+02   1.260E+02  4.691E-01 
1.529E+02   1.261E+02  4.660E-01 
1.542E+02   1.261E+02  4.630E-01 
1.555E+02   1.262E+02  4.599E-01 
1.568E+02   1.263E+02  4.569E-01 
1.581E+02   1.263E+02  4.539E-01 
1.594E+02   1.264E+02  4.509E-01 
1.607E+02   1.264E+02  4.480E-01 
1.621E+02   1.265E+02  4.450E-01 
1.634E+02   1.265E+02  4.421E-01 
1.648E+02   1.266E+02  4.392E-01 
1.662E+02   1.266E+02  4.363E-01 
1.676E+02   1.267E+02  4.334E-01 
1.690E+02   1.267E+02  4.306E-01 
1.704E+02   1.267E+02  4.277E-01 
1.718E+02   1.268E+02  4.249E-01 
1.732E+02   1.268E+02  4.221E-01 
1.747E+02   1.268E+02  4.193E-01 
1.761E+02   1.268E+02  4.166E-01 
1.776E+02   1.268E+02  4.138E-01 
1.791E+02   1.268E+02  4.111E-01 
1.806E+02   1.269E+02  4.084E-01 
1.821E+02   1.269E+02  4.057E-01 
1.836E+02   1.269E+02  4.030E-01 
1.851E+02   1.269E+02  4.003E-01 
1.867E+02   1.269E+02  3.977E-01 
1.882E+02   1.268E+02  3.950E-01 
1.898E+02   1.268E+02  3.924E-01 
1.914E+02   1.268E+02  3.898E-01 
1.930E+02   1.268E+02  3.872E-01 
1.946E+02   1.268E+02  3.846E-01 
1.962E+02   1.268E+02  3.821E-01 
1.978E+02   1.267E+02  3.796E-01 
1.995E+02   1.267E+02  3.770E-01 
2.011E+02   1.267E+02  3.745E-01 
2.028E+02   1.266E+02  3.720E-01 
2.045E+02   1.266E+02  3.696E-01 
2.062E+02   1.265E+02  3.671E-01 
2.079E+02   1.265E+02  3.647E-01 
2.097E+02   1.265E+02  3.622E-01 
2.114E+02   1.264E+02  3.598E-01 
2.132E+02   1.263E+02  3.574E-01 
2.150E+02   1.263E+02  3.550E-01 
2.167E+02   1.262E+02  3.527E-01 
2.185E+02   1.262E+02  3.503E-01 
2.204E+02   1.261E+02  3.480E-01 
2.222E+02   1.260E+02  3.457E-01 
2.241E+02   1.259E+02  3.434E-01 
2.259E+02   1.259E+02  3.411E-01 
2.278E+02   1.258E+02  3.388E-01 
2.297E+02   1.257E+02  3.365E-01 
2.316E+02   1.256E+02  3.343E-01 
2.336E+02   1.255E+02  3.320E-01 
2.355E+02   1.254E+02  3.298E-01 
2.375E+02   1.253E+02  3.276E-01 
2.394E+02   1.252E+02  3.254E-01 
2.414E+02   1.251E+02  3.232E-01 
2.435E+02   1.250E+02  3.210E-01 
2.455E+02   1.249E+02  3.189E-01 
2.475E+02   1.248E+02  3.168E-01 
2.496E+02   1.247E+02  3.146E-01 
2.517E+02   1.246E+02  3.125E-01 
2.538E+02   1.245E+02  3.104E-01 
2.559E+02   1.244E+02  3.083E-01 
2.580E+02   1.242E+02  3.063E-01 
2.602E+02   1.241E+02  3.042E-01 
2.623E+02   1.240E+02  3.022E-01 
2.645E+02   1.238E+02  3.001E-01 
2.667E+02   1.237E+02  2.981E-01 
2.690E+02   1.236E+02  2.961E-01 
2.712E+02   1.234E+02  2.941E-01 
2.735E+02   1.233E+02  2.921E-01 
2.757E+02   1.231E+02  2.901E-01 
2.780E+02   1.230E+02  2.882E-01 
2.804E+02   1.228E+02  2.862E-01 
2.827E+02   1.227E+02  2.843E-01 
2.851E+02   1.225E+02  2.824E-01 
2.874E+02   1.224E+02  2.805E-01 
2.898E+02   1.222E+02  2.786E-01 
2.922E+02   1.220E+02  2.767E-01 
2.947E+02   1.219E+02  2.748E-01 
2.971E+02   1.217E+02  2.730E-01 
2.996E+02   1.215E+02  2.711E-01 
3.021E+02   1.214E+02  2.693E-01 
3.046E+02   1.212E+02  2.675E-01 
3.072E+02   1.210E+02  2.657E-01 
3.097E+02   1.208E+02  2.639E-01 
3.123E+02   1.206E+02  2.621E-01 
3.149E+02   1.205E+02  2.603E-01 
3.175E+02   1.203E+02  2.585E-01 
3.202E+02   1.201E+02  2.568E-01 
3.229E+02   1.199E+02  2.550E-01 
3.256E+02   1.197E+02  2.533E-01 
3.283E+02   1.195E+02  2.516E-01 
3.310E+02   1.193E+02  2.499E-01 
3.338E+02   1.191E+02  2.482E-01 
3.365E+02   1.189E+02  2.465E-01 
3.394E+02   1.187E+02  2.448E-01 
3.422E+02   1.185E+02  2.432E-01 
3.450E+02   1.183E+02  2.415E-01 
3.479E+02   1.180E+02  2.399E-01 
3.508E+02   1.178E+02  2.382E-01 
3.537E+02   1.176E+02  2.366E-01 
3.567E+02   1.174E+02  2.350E-01 
3.597E+02   1.172E+02  2.334E-01 
3.627E+02   1.170E+02  2.318E-01 
3.657E+02   1.167E+02  2.302E-01 
3.687E+02   1.165E+02  2.287E-01 
3.718E+02   1.163E+02  2.271E-01 
3.749E+02   1.160E+02  2.255E-01 
3.780E+02   1.158E+02  2.240E-01 
3.812E+02   1.156E+02  2.225E-01 
3.844E+02   1.153E+02  2.210E-01 
3.876E+02   1.151E+02  2.195E-01 
3.908E+02   1.149E+02  2.180E-01 
3.940E+02   1.146E+02  2.165E-01 
3.973E+02   1.144E+02  2.150E-01 
4.006E+02   1.141E+02  2.135E-01 
4.040E+02   1.139E+02  2.120E-01 
4.074E+02   1.136E+02  2.106E-01 
4.108E+02   1.134E+02  2.092E-01 
4.142E+02   1.131E+02  2.077E-01 
4.176E+02   1.129E+02  2.063E-01 
4.211E+02   1.126E+02  2.049E-01 
4.246E+02   1.124E+02  2.035E-01 
4.282E+02   1.121E+02  2.021E-01 
4.317E+02   1.119E+02  2.007E-01 
4.353E+02   1.116E+02  1.993E-01 
4.390E+02   1.113E+02  1.980E-01 
4.426E+02   1.111E+02  1.966E-01 
4.463E+02   1.108E+02  1.952E-01 
4.500E+02   1.105E+02  1.939E-01 
4.538E+02   1.103E+02  1.926E-01 
4.576E+02   1.100E+02  1.913E-01 
4.614E+02   1.097E+02  1.899E-01 
4.652E+02   1.095E+02  1.886E-01 
4.691E+02   1.092E+02  1.873E-01 
4.730E+02   1.089E+02  1.860E-01 
4.770E+02   1.087E+02  1.848E-01 
4.809E+02   1.084E+02  1.835E-01 
4.849E+02   1.081E+02  1.822E-01 
4.890E+02   1.078E+02  1.810E-01 
4.931E+02   1.075E+02  1.797E-01 
4.972E+02   1.073E+02  1.785E-01 
5.013E+02   1.070E+02  1.773E-01 
5.055E+02   1.067E+02  1.760E-01 
5.097E+02   1.064E+02  1.748E-01 
5.140E+02   1.061E+02  1.736E-01 
5.182E+02   1.058E+02  1.724E-01 
5.226E+02   1.056E+02  1.712E-01 
5.269E+02   1.053E+02  1.700E-01 
5.313E+02   1.050E+02  1.689E-01 
5.357E+02   1.047E+02  1.677E-01 
5.402E+02   1.044E+02  1.665E-01 
5.447E+02   1.041E+02  1.654E-01 
5.493E+02   1.038E+02  1.643E-01 
5.538E+02   1.035E+02  1.631E-01 
5.585E+02   1.032E+02  1.620E-01 
5.631E+02   1.029E+02  1.609E-01 
5.678E+02   1.027E+02  1.598E-01 
5.725E+02   1.024E+02  1.586E-01 
5.773E+02   1.021E+02  1.575E-01 
5.821E+02   1.018E+02  1.565E-01 
5.870E+02   1.015E+02  1.554E-01 
5.919E+02   1.012E+02  1.543E-01 
5.968E+02   1.009E+02  1.532E-01 
6.018E+02   1.006E+02  1.522E-01 
6.068E+02   1.003E+02  1.511E-01 
6.119E+02   9.998E+01  1.501E-01 
6.170E+02   9.968E+01  1.490E-01 
6.221E+02   9.938E+01  1.480E-01 
6.273E+02   9.907E+01  1.470E-01 
6.325E+02   9.877E+01  1.459E-01 
6.378E+02   9.847E+01  1.449E-01 
6.431E+02   9.817E+01  1.439E-01 
6.485E+02   9.786E+01  1.429E-01 
6.539E+02   9.756E+01  1.419E-01 
6.593E+02   9.726E+01  1.409E-01 
6.648E+02   9.695E+01  1.400E-01 
6.704E+02   9.665E+01  1.390E-01 
6.760E+02   9.634E+01  1.380E-01 
6.816E+02   9.604E+01  1.371E-01 
6.873E+02   9.573E+01  1.361E-01 
6.930E+02   9.543E+01  1.352E-01 
6.988E+02   9.512E+01  1.342E-01 
7.046E+02   9.482E+01  1.333E-01 
7.105E+02   9.451E+01  1.323E-01 
7.164E+02   9.420E+01  1.314E-01 
7.224E+02   9.390E+01  1.305E-01 
7.284E+02   9.359E+01  1.296E-01 
7.345E+02   9.328E+01  1.287E-01 
7.406E+02   9.297E+01  1.278E-01 
7.468E+02   9.267E+01  1.269E-01 
7.530E+02   9.236E+01  1.260E-01 
7.593E+02   9.205E+01  1.251E-01 
7.656E+02   9.174E+01  1.243E-01 
7.720E+02   9.144E+01  1.234E-01 
7.784E+02   9.113E+01  1.225E-01 
7.849E+02   9.082E+01  1.217E-01 
7.915E+02   9.051E+01  1.208E-01 
7.981E+02   9.020E+01  1.200E-01 
8.047E+02   8.990E+01  1.191E-01 
8.114E+02   8.959E+01  1.183E-01 
8.182E+02   8.928E+01  1.175E-01 
8.250E+02   8.897E+01  1.167E-01 
8.319E+02   8.867E+01  1.158E-01 
8.388E+02   8.836E+01  1.150E-01 
8.458E+02   8.805E+01  1.142E-01 
8.529E+02   8.774E+01  1.134E-01 
8.600E+02   8.744E+01  1.126E-01 
8.671E+02   8.713E+01  1.118E-01 
8.744E+02   8.682E+01  1.111E-01 
8.817E+02   8.652E+01  1.103E-01 
8.890E+02   8.621E+01  1.095E-01 
8.964E+02   8.590E+01  1.087E-01 
9.039E+02   8.560E+01  1.080E-01 
9.114E+02   8.529E+01  1.072E-01 
9.190E+02   8.498E+01  1.065E-01 
9.267E+02   8.468E+01  1.057E-01 
9.344E+02   8.437E+01  1.050E-01 
9.422E+02   8.407E+01  1.042E-01 
9.501E+02   8.376E+01  1.035E-01 
9.580E+02   8.346E+01  1.028E-01 
9.660E+02   8.316E+01  1.021E-01 
9.740E+02   8.285E+01  1.013E-01 
9.821E+02   8.255E+01  1.006E-01 
9.903E+02   8.224E+01  9.992E-02 
9.986E+02   8.194E+01  9.921E-02 
1.007E+03   8.164E+01  9.852E-02 
1.015E+03   8.134E+01  9.782E-02 
1.024E+03   8.103E+01  9.713E-02 
1.032E+03   8.073E+01  9.645E-02 
1.041E+03   8.043E+01  9.577E-02 
1.050E+03   8.013E+01  9.510E-02 
1.058E+03   7.983E+01  9.443E-02 
1.067E+03   7.953E+01  9.376E-02 
1.076E+03   7.923E+01  9.310E-02 
1.085E+03   7.893E+01  9.244E-02 
1.094E+03   7.863E+01  9.179E-02 
1.103E+03   7.833E+01  9.114E-02 
1.112E+03   7.804E+01  9.050E-02 
1.122E+03   7.774E+01  8.986E-02 
1.131E+03   7.744E+01  8.923E-02 
1.140E+03   7.715E+01  8.860E-02 
1.150E+03   7.685E+01  8.797E-02 
1.160E+03   7.655E+01  8.735E-02 
1.169E+03   7.626E+01  8.673E-02 
1.179E+03   7.597E+01  8.612E-02 
1.189E+03   7.567E+01  8.551E-02 
1.199E+03   7.538E+01  8.491E-02 
1.209E+03   7.509E+01  8.431E-02 
1.219E+03   7.479E+01  8.371E-02 
1.229E+03   7.450E+01  8.312E-02 
1.239E+03   7.421E+01  8.253E-02 
1.250E+03   7.392E+01  8.195E-02 
1.260E+03   7.363E+01  8.137E-02 
1.270E+03   7.334E+01  8.079E-02 
1.281E+03   7.305E+01  8.022E-02 
1.292E+03   7.276E+01  7.965E-02 
1.302E+03   7.247E+01  7.909E-02 
1.313E+03   7.219E+01  7.853E-02 
1.324E+03   7.190E+01  7.797E-02 
1.335E+03   7.161E+01  7.742E-02 
1.346E+03   7.133E+01  7.687E-02 
1.358E+03   7.104E+01  7.633E-02 
1.369E+03   7.076E+01  7.578E-02 
1.380E+03   7.048E+01  7.525E-02 
1.392E+03   7.019E+01  7.471E-02 
1.404E+03   6.991E+01  7.418E-02 
1.415E+03   6.963E+01  7.366E-02 
1.427E+03   6.935E+01  7.313E-02 
1.439E+03   6.907E+01  7.262E-02 
1.451E+03   6.879E+01  7.210E-02 
1.463E+03   6.851E+01  7.159E-02 
1.475E+03   6.823E+01  7.108E-02 
1.487E+03   6.795E+01  7.057E-02 
1.500E+03   6.768E+01  7.007E-02 
1.512E+03   6.740E+01  6.957E-02 
1.525E+03   6.713E+01  6.908E-02 
1.538E+03   6.685E+01  6.859E-02 
1.551E+03   6.658E+01  6.810E-02 
1.563E+03   6.630E+01  6.762E-02 
1.577E+03   6.603E+01  6.714E-02 
1.590E+03   6.576E+01  6.666E-02 
1.603E+03   6.549E+01  6.618E-02 
1.616E+03   6.522E+01  6.571E-02 
1.630E+03   6.495E+01  6.524E-02 
1.643E+03   6.468E+01  6.478E-02 
1.657E+03   6.441E+01  6.432E-02 
1.671E+03   6.414E+01  6.386E-02 
1.685E+03   6.387E+01  6.341E-02 
1.699E+03   6.361E+01  6.295E-02 
1.713E+03   6.334E+01  6.250E-02 
1.727E+03   6.308E+01  6.206E-02 
1.742E+03   6.281E+01  6.162E-02 
1.756E+03   6.255E+01  6.118E-02 
1.771E+03   6.229E+01  6.074E-02 
1.786E+03   6.202E+01  6.031E-02 
1.800E+03   6.176E+01  5.988E-02 
1.815E+03   6.150E+01  5.945E-02 
1.831E+03   6.124E+01  5.903E-02 
1.846E+03   6.098E+01  5.860E-02 
1.861E+03   6.073E+01  5.819E-02 
1.877E+03   6.047E+01  5.777E-02 
1.892E+03   6.021E+01  5.736E-02 
1.908E+03   5.996E+01  5.695E-02 
1.924E+03   5.970E+01  5.654E-02 
1.940E+03   5.945E+01  5.614E-02 
1.956E+03   5.919E+01  5.574E-02 
1.973E+03   5.894E+01  5.534E-02 
1.989E+03   5.869E+01  5.494E-02 
2.006E+03   5.844E+01  5.455E-02 
2.022E+03   5.819E+01  5.416E-02 
2.039E+03   5.794E+01  5.377E-02 
2.056E+03   5.769E+01  5.339E-02 
2.073E+03   5.744E+01  5.300E-02 
2.091E+03   5.719E+01  5.262E-02 
2.108E+03   5.695E+01  5.225E-02 
2.126E+03   5.670E+01  5.187E-02 
2.143E+03   5.646E+01  5.150E-02 
2.161E+03   5.621E+01  5.113E-02 
2.179E+03   5.597E+01  5.077E-02 
2.197E+03   5.573E+01  5.040E-02 
2.216E+03   5.548E+01  5.004E-02 
2.234E+03   5.524E+01  4.968E-02 
2.253E+03   5.500E+01  4.933E-02 
2.272E+03   5.476E+01  4.897E-02 
2.291E+03   5.452E+01  4.862E-02 
2.310E+03   5.429E+01  4.827E-02 
2.329E+03   5.405E+01  4.793E-02 
2.348E+03   5.381E+01  4.758E-02 
2.368E+03   5.358E+01  4.724E-02 
2.388E+03   5.334E+01  4.690E-02 
2.408E+03   5.311E+01  4.657E-02 
2.428E+03   5.287E+01  4.623E-02 
2.448E+03   5.264E+01  4.590E-02 
2.468E+03   5.241E+01  4.557E-02 
2.489E+03   5.218E+01  4.524E-02 
2.510E+03   5.195E+01  4.492E-02 
2.531E+03   5.172E+01  4.460E-02 
2.552E+03   5.149E+01  4.427E-02 
2.573E+03   5.126E+01  4.396E-02 
2.594E+03   5.104E+01  4.364E-02 
2.616E+03   5.081E+01  4.333E-02 
2.638E+03   5.059E+01  4.302E-02 
2.660E+03   5.036E+01  4.271E-02 
2.682E+03   5.014E+01  4.240E-02 
2.704E+03   4.992E+01  4.209E-02 
2.727E+03   4.969E+01  4.179E-02 
2.750E+03   4.947E+01  4.149E-02 
2.773E+03   4.925E+01  4.119E-02 
2.796E+03   4.903E+01  4.089E-02 
2.819E+03   4.881E+01  4.060E-02 
2.842E+03   4.859E+01  4.031E-02 
2.866E+03   4.838E+01  4.002E-02 
2.890E+03   4.816E+01  3.973E-02 
2.914E+03   4.794E+01  3.944E-02 
2.938E+03   4.773E+01  3.916E-02 
2.963E+03   4.752E+01  3.888E-02 
2.988E+03   4.730E+01  3.860E-02 
3.013E+03   4.709E+01  3.832E-02 
3.038E+03   4.687E+01  3.804E-02 
3.063E+03   4.665E+01  3.777E-02 
3.089E+03   4.643E+01  3.749E-02 
3.114E+03   4.621E+01  3.722E-02 
3.140E+03   4.599E+01  3.696E-02 
3.166E+03   4.576E+01  3.669E-02 
3.193E+03   4.553E+01  3.642E-02 
3.219E+03   4.530E+01  3.616E-02 
3.246E+03   4.507E+01  3.590E-02 
3.273E+03   4.483E+01  3.564E-02 
3.301E+03   4.460E+01  3.538E-02 
3.328E+03   4.436E+01  3.513E-02 
3.356E+03   4.412E+01  3.487E-02 
3.384E+03   4.388E+01  3.462E-02 
3.412E+03   4.363E+01  3.437E-02 
3.441E+03   4.339E+01  3.412E-02 
3.469E+03   4.314E+01  3.388E-02 
3.498E+03   4.289E+01  3.363E-02 
3.527E+03   4.264E+01  3.339E-02 
3.557E+03   4.238E+01  3.315E-02 
3.586E+03   4.212E+01  3.291E-02 
3.616E+03   4.187E+01  3.267E-02 
3.646E+03   4.164E+01  3.243E-02 
3.677E+03   4.142E+01  3.220E-02 
3.707E+03   4.120E+01  3.197E-02 
3.738E+03   4.098E+01  3.173E-02 
3.770E+03   4.076E+01  3.150E-02 
3.801E+03   4.054E+01  3.128E-02 
3.833E+03   4.033E+01  3.105E-02 
3.865E+03   4.011E+01  3.082E-02 
3.897E+03   3.989E+01  3.060E-02 
3.929E+03   3.968E+01  3.038E-02 
3.962E+03   3.947E+01  3.016E-02 
3.995E+03   3.925E+01  2.994E-02 
4.028E+03   3.904E+01  2.972E-02 
4.062E+03   3.883E+01  2.951E-02 
4.096E+03   3.862E+01  2.929E-02 
4.130E+03   3.841E+01  2.908E-02 
4.164E+03   3.820E+01  2.887E-02 
4.199E+03   3.799E+01  2.866E-02 
4.234E+03   3.779E+01  2.845E-02 
4.269E+03   3.758E+01  2.825E-02 
4.305E+03   3.738E+01  2.804E-02 
4.341E+03   3.717E+01  2.784E-02 
4.377E+03   3.697E+01  2.764E-02 
4.414E+03   3.677E+01  2.744E-02 
4.450E+03   3.657E+01  2.724E-02 
4.488E+03   3.636E+01  2.704E-02 
4.525E+03   3.616E+01  2.684E-02 
4.563E+03   3.597E+01  2.665E-02 
4.601E+03   3.577E+01  2.645E-02 
4.639E+03   3.557E+01  2.626E-02 
4.678E+03   3.537E+01  2.607E-02 
4.717E+03   3.518E+01  2.588E-02 
4.756E+03   3.498E+01  2.569E-02 
4.796E+03   3.479E+01  2.551E-02 
4.836E+03   3.460E+01  2.532E-02 
4.876E+03   3.440E+01  2.514E-02 
4.917E+03   3.421E+01  2.495E-02 
4.958E+03   3.402E+01  2.477E-02 
4.999E+03   3.383E+01  2.459E-02 
5.041E+03   3.364E+01  2.441E-02 
5.083E+03   3.346E+01  2.424E-02 
5.125E+03   3.327E+01  2.406E-02 
5.168E+03   3.308E+01  2.388E-02 
5.211E+03   3.290E+01  2.371E-02 
5.254E+03   3.271E+01  2.354E-02 
5.298E+03   3.253E+01  2.337E-02 
5.342E+03   3.235E+01  2.320E-02 
5.387E+03   3.216E+01  2.303E-02 
5.432E+03   3.198E+01  2.286E-02 
5.477E+03   3.180E+01  2.269E-02 
5.523E+03   3.162E+01  2.253E-02 
5.569E+03   3.145E+01  2.236E-02 
5.615E+03   3.127E+01  2.220E-02 
5.662E+03   3.109E+01  2.204E-02 
5.709E+03   3.092E+01  2.188E-02 
5.757E+03   3.074E+01  2.172E-02 
5.805E+03   3.057E+01  2.156E-02 
5.853E+03   3.039E+01  2.140E-02 
5.902E+03   3.022E+01  2.125E-02 
5.951E+03   3.005E+01  2.109E-02 
6.001E+03   2.988E+01  2.094E-02 
6.051E+03   2.971E+01  2.079E-02 
6.101E+03   2.954E+01  2.063E-02 
6.152E+03   2.937E+01  2.048E-02 
6.203E+03   2.920E+01  2.033E-02 
6.255E+03   2.903E+01  2.019E-02 
6.307E+03   2.887E+01  2.004E-02 
6.360E+03   2.870E+01  1.989E-02 
6.413E+03   2.854E+01  1.975E-02 
6.466E+03   2.837E+01  1.960E-02 
6.520E+03   2.821E+01  1.946E-02 
6.575E+03   2.805E+01  1.932E-02 
6.629E+03   2.789E+01  1.918E-02 
6.685E+03   2.773E+01  1.904E-02 
6.740E+03   2.757E+01  1.890E-02 
6.797E+03   2.741E+01  1.876E-02 
6.853E+03   2.725E+01  1.862E-02 
6.910E+03   2.709E+01  1.848E-02 
6.968E+03   2.694E+01  1.835E-02 
7.026E+03   2.678E+01  1.822E-02 
7.085E+03   2.663E+01  1.808E-02 
7.144E+03   2.647E+01  1.795E-02 
7.203E+03   2.632E+01  1.782E-02 
7.263E+03   2.616E+01  1.769E-02 
7.324E+03   2.601E+01  1.756E-02 
7.385E+03   2.586E+01  1.743E-02 
7.447E+03   2.571E+01  1.730E-02 
7.509E+03   2.556E+01  1.718E-02 
7.571E+03   2.541E+01  1.705E-02 
7.634E+03   2.526E+01  1.693E-02 
7.698E+03   2.512E+01  1.680E-02 
7.762E+03   2.497E+01  1.668E-02 
7.827E+03   2.482E+01  1.656E-02 
7.892E+03   2.468E+01  1.643E-02 
7.958E+03   2.454E+01  1.631E-02 
8.024E+03   2.439E+01  1.619E-02 
8.091E+03   2.425E+01  1.608E-02 
8.159E+03   2.411E+01  1.596E-02 
8.227E+03   2.396E+01  1.584E-02 
8.295E+03   2.382E+01  1.572E-02 
8.364E+03   2.368E+01  1.561E-02 
8.434E+03   2.354E+01  1.550E-02 
8.504E+03   2.341E+01  1.538E-02 
8.575E+03   2.327E+01  1.527E-02 
8.647E+03   2.313E+01  1.516E-02 
8.719E+03   2.299E+01  1.505E-02 
8.792E+03   2.286E+01  1.494E-02 
8.865E+03   2.272E+01  1.483E-02 
8.939E+03   2.259E+01  1.472E-02 
9.013E+03   2.246E+01  1.461E-02 
9.088E+03   2.232E+01  1.450E-02 
9.164E+03   2.219E+01  1.439E-02 
9.241E+03   2.206E+01  1.429E-02 
9.318E+03   2.193E+01  1.418E-02 
9.395E+03   2.180E+01  1.408E-02 
9.474E+03   2.167E+01  1.398E-02 
9.553E+03   2.154E+01  1.387E-02 
9.632E+03   2.141E+01  1.377E-02 
9.713E+03   2.128E+01  1.367E-02 
9.794E+03   2.116E+01  1.357E-02 
9.875E+03   2.103E+01  1.347E-02 
9.958E+03   2.091E+01  1.337E-02 
1.004E+04   2.078E+01  1.327E-02 
1.012E+04   2.066E+01  1.318E-02 
1.021E+04   2.053E+01  1.308E-02 
1.029E+04   2.041E+01  1.298E-02 
1.038E+04   2.029E+01  1.289E-02 
1.047E+04   2.017E+01  1.279E-02 
1.055E+04   2.005E+01  1.270E-02 
1.064E+04   1.993E+01  1.260E-02 
1.073E+04   1.981E+01  1.251E-02 
1.082E+04   1.969E+01  1.242E-02 
1.091E+04   1.957E+01  1.233E-02 
1.100E+04   1.945E+01  1.224E-02 
1.109E+04   1.934E+01  1.215E-02 
1.118E+04   1.922E+01  1.206E-02 
1.128E+04   1.910E+01  1.197E-02 
1.137E+04   1.899E+01  1.188E-02 
1.147E+04   1.887E+01  1.179E-02 
1.156E+04   1.876E+01  1.171E-02 
1.166E+04   1.865E+01  1.162E-02 
1.176E+04   1.853E+01  1.154E-02 
1.185E+04   1.842E+01  1.145E-02 
1.195E+04   1.831E+01  1.137E-02 
1.205E+04   1.820E+01  1.128E-02 
1.215E+04   1.809E+01  1.120E-02 
1.225E+04   1.798E+01  1.112E-02 
1.236E+04   1.787E+01  1.103E-02 
1.246E+04   1.776E+01  1.095E-02 
1.256E+04   1.765E+01  1.087E-02 
1.267E+04   1.755E+01  1.079E-02 
1.277E+04   1.744E+01  1.071E-02 
1.288E+04   1.733E+01  1.063E-02 
1.299E+04   1.723E+01  1.055E-02 
1.310E+04   1.712E+01  1.048E-02 
1.321E+04   1.702E+01  1.040E-02 
1.332E+04   1.692E+01  1.032E-02 
1.343E+04   1.681E+01  1.025E-02 
1.354E+04   1.671E+01  1.017E-02 
1.365E+04   1.661E+01  1.010E-02 
1.376E+04   1.651E+01  1.002E-02 
1.388E+04   1.641E+01  9.948E-03 
1.400E+04   1.631E+01  9.874E-03 
1.411E+04   1.621E+01  9.801E-03 
1.423E+04   1.611E+01  9.729E-03 
1.435E+04   1.601E+01  9.657E-03 
1.447E+04   1.591E+01  9.586E-03 
1.459E+04   1.581E+01  9.515E-03 
1.471E+04   1.572E+01  9.444E-03 
1.483E+04   1.562E+01  9.375E-03 
1.496E+04   1.552E+01  9.305E-03 
1.508E+04   1.543E+01  9.237E-03 
1.521E+04   1.533E+01  9.168E-03 
1.533E+04   1.524E+01  9.101E-03 
1.546E+04   1.514E+01  9.033E-03 
1.559E+04   1.505E+01  8.966E-03 
1.572E+04   1.496E+01  8.900E-03 
1.585E+04   1.487E+01  8.834E-03 
1.598E+04   1.477E+01  8.769E-03 
1.612E+04   1.468E+01  8.704E-03 
1.625E+04   1.459E+01  8.640E-03 
1.639E+04   1.450E+01  8.576E-03 
1.652E+04   1.441E+01  8.512E-03 
1.666E+04   1.432E+01  8.449E-03 
1.680E+04   1.423E+01  8.387E-03 
1.694E+04   1.415E+01  8.325E-03 
1.708E+04   1.406E+01  8.263E-03 
1.722E+04   1.397E+01  8.202E-03 
1.737E+04   1.388E+01  8.141E-03 
1.751E+04   1.380E+01  8.081E-03 
1.766E+04   1.371E+01  8.021E-03 
1.781E+04   1.363E+01  7.962E-03 
1.795E+04   1.354E+01  7.903E-03 
1.810E+04   1.346E+01  7.844E-03 
1.825E+04   1.337E+01  7.786E-03 
1.841E+04   1.329E+01  7.728E-03 
1.856E+04   1.321E+01  7.671E-03 
1.871E+04   1.313E+01  7.614E-03 
1.887E+04   1.304E+01  7.558E-03 
1.903E+04   1.296E+01  7.502E-03 
1.919E+04   1.288E+01  7.446E-03 
1.935E+04   1.280E+01  7.391E-03 
1.951E+04   1.272E+01  7.336E-03 
1.967E+04   1.264E+01  7.282E-03 
1.983E+04   1.256E+01  7.228E-03 
2.000E+04   1.248E+01  7.174E-03 
