Ion = Hydrogen    , Mass = 2.014
Tgt = Al (Solid), Density = 2.702 g/cm3
Stopping Units = MeV/mm       
Energy(keV)  S(Elec)    S(Nuc)
5.000E+00   3.988E+01  3.194E+00 
5.042E+00   4.003E+01  3.181E+00 
5.084E+00   4.017E+01  3.168E+00 
5.126E+00   4.032E+01  3.155E+00 
5.169E+00   4.047E+01  3.143E+00 
5.212E+00   4.062E+01  3.130E+00 
5.255E+00   4.077E+01  3.117E+00 
5.299E+00   4.092E+01  3.104E+00 
5.343E+00   4.107E+01  3.092E+00 
5.388E+00   4.122E+01  3.079E+00 
5.433E+00   4.138E+01  3.066E+00 
5.478E+00   4.153E+01  3.053E+00 
5.524E+00   4.168E+01  3.041E+00 
5.570E+00   4.184E+01  3.028E+00 
5.616E+00   4.199E+01  3.015E+00 
5.663E+00   4.214E+01  3.003E+00 
5.710E+00   4.230E+01  2.990E+00 
5.758E+00   4.246E+01  2.978E+00 
5.806E+00   4.261E+01  2.965E+00 
5.854E+00   4.277E+01  2.953E+00 
5.903E+00   4.293E+01  2.940E+00 
5.952E+00   4.308E+01  2.928E+00 
6.002E+00   4.325E+01  2.915E+00 
6.052E+00   4.340E+01  2.903E+00 
6.102E+00   4.356E+01  2.890E+00 
6.153E+00   4.372E+01  2.878E+00 
6.205E+00   4.389E+01  2.865E+00 
6.256E+00   4.405E+01  2.853E+00 
6.309E+00   4.421E+01  2.841E+00 
6.361E+00   4.437E+01  2.828E+00 
6.414E+00   4.454E+01  2.816E+00 
6.468E+00   4.470E+01  2.804E+00 
6.522E+00   4.487E+01  2.792E+00 
6.576E+00   4.504E+01  2.779E+00 
6.631E+00   4.520E+01  2.767E+00 
6.686E+00   4.537E+01  2.755E+00 
6.742E+00   4.554E+01  2.743E+00 
6.798E+00   4.571E+01  2.731E+00 
6.855E+00   4.588E+01  2.719E+00 
6.912E+00   4.604E+01  2.707E+00 
6.969E+00   4.621E+01  2.695E+00 
7.028E+00   4.639E+01  2.683E+00 
7.086E+00   4.656E+01  2.671E+00 
7.145E+00   4.673E+01  2.659E+00 
7.205E+00   4.691E+01  2.647E+00 
7.265E+00   4.708E+01  2.635E+00 
7.325E+00   4.725E+01  2.623E+00 
7.386E+00   4.743E+01  2.611E+00 
7.448E+00   4.761E+01  2.600E+00 
7.510E+00   4.778E+01  2.588E+00 
7.573E+00   4.796E+01  2.576E+00 
7.636E+00   4.814E+01  2.564E+00 
7.700E+00   4.832E+01  2.553E+00 
7.764E+00   4.850E+01  2.541E+00 
7.828E+00   4.868E+01  2.529E+00 
7.894E+00   4.886E+01  2.518E+00 
7.960E+00   4.905E+01  2.506E+00 
8.026E+00   4.923E+01  2.495E+00 
8.093E+00   4.941E+01  2.483E+00 
8.160E+00   4.960E+01  2.472E+00 
8.228E+00   4.978E+01  2.460E+00 
8.297E+00   4.997E+01  2.449E+00 
8.366E+00   5.016E+01  2.437E+00 
8.436E+00   5.035E+01  2.426E+00 
8.506E+00   5.054E+01  2.415E+00 
8.577E+00   5.073E+01  2.403E+00 
8.649E+00   5.092E+01  2.392E+00 
8.721E+00   5.111E+01  2.381E+00 
8.793E+00   5.131E+01  2.370E+00 
8.867E+00   5.150E+01  2.358E+00 
8.941E+00   5.170E+01  2.347E+00 
9.015E+00   5.189E+01  2.336E+00 
9.090E+00   5.209E+01  2.325E+00 
9.166E+00   5.229E+01  2.314E+00 
9.242E+00   5.248E+01  2.303E+00 
9.320E+00   5.269E+01  2.292E+00 
9.397E+00   5.289E+01  2.281E+00 
9.476E+00   5.309E+01  2.270E+00 
9.555E+00   5.329E+01  2.259E+00 
9.634E+00   5.349E+01  2.248E+00 
9.715E+00   5.370E+01  2.238E+00 
9.796E+00   5.391E+01  2.227E+00 
9.877E+00   5.411E+01  2.216E+00 
9.960E+00   5.432E+01  2.205E+00 
1.004E+01   5.453E+01  2.195E+00 
1.013E+01   5.474E+01  2.184E+00 
1.021E+01   5.495E+01  2.173E+00 
1.030E+01   5.516E+01  2.163E+00 
1.038E+01   5.538E+01  2.152E+00 
1.047E+01   5.559E+01  2.142E+00 
1.056E+01   5.580E+01  2.131E+00 
1.064E+01   5.602E+01  2.121E+00 
1.073E+01   5.624E+01  2.110E+00 
1.082E+01   5.646E+01  2.100E+00 
1.091E+01   5.667E+01  2.089E+00 
1.100E+01   5.690E+01  2.079E+00 
1.110E+01   5.712E+01  2.069E+00 
1.119E+01   5.734E+01  2.059E+00 
1.128E+01   5.756E+01  2.048E+00 
1.137E+01   5.779E+01  2.038E+00 
1.147E+01   5.801E+01  2.028E+00 
1.157E+01   5.824E+01  2.018E+00 
1.166E+01   5.847E+01  2.008E+00 
1.176E+01   5.870E+01  1.998E+00 
1.186E+01   5.893E+01  1.988E+00 
1.196E+01   5.916E+01  1.978E+00 
1.206E+01   5.939E+01  1.968E+00 
1.216E+01   5.963E+01  1.958E+00 
1.226E+01   5.986E+01  1.948E+00 
1.236E+01   6.010E+01  1.938E+00 
1.246E+01   6.033E+01  1.928E+00 
1.257E+01   6.057E+01  1.919E+00 
1.267E+01   6.081E+01  1.909E+00 
1.278E+01   6.105E+01  1.899E+00 
1.288E+01   6.129E+01  1.889E+00 
1.299E+01   6.153E+01  1.880E+00 
1.310E+01   6.178E+01  1.870E+00 
1.321E+01   6.202E+01  1.861E+00 
1.332E+01   6.227E+01  1.851E+00 
1.343E+01   6.252E+01  1.841E+00 
1.354E+01   6.276E+01  1.832E+00 
1.365E+01   6.301E+01  1.823E+00 
1.377E+01   6.326E+01  1.813E+00 
1.388E+01   6.351E+01  1.804E+00 
1.400E+01   6.377E+01  1.794E+00 
1.412E+01   6.402E+01  1.785E+00 
1.423E+01   6.428E+01  1.776E+00 
1.435E+01   6.453E+01  1.767E+00 
1.447E+01   6.479E+01  1.757E+00 
1.459E+01   6.505E+01  1.748E+00 
1.471E+01   6.530E+01  1.739E+00 
1.484E+01   6.556E+01  1.730E+00 
1.496E+01   6.583E+01  1.721E+00 
1.508E+01   6.609E+01  1.712E+00 
1.521E+01   6.635E+01  1.703E+00 
1.534E+01   6.662E+01  1.694E+00 
1.547E+01   6.688E+01  1.685E+00 
1.559E+01   6.715E+01  1.676E+00 
1.572E+01   6.742E+01  1.667E+00 
1.586E+01   6.768E+01  1.659E+00 
1.599E+01   6.795E+01  1.650E+00 
1.612E+01   6.822E+01  1.641E+00 
1.626E+01   6.850E+01  1.632E+00 
1.639E+01   6.877E+01  1.624E+00 
1.653E+01   6.904E+01  1.615E+00 
1.666E+01   6.932E+01  1.606E+00 
1.680E+01   6.959E+01  1.598E+00 
1.694E+01   6.987E+01  1.589E+00 
1.709E+01   7.015E+01  1.581E+00 
1.723E+01   7.043E+01  1.572E+00 
1.737E+01   7.071E+01  1.564E+00 
1.752E+01   7.099E+01  1.556E+00 
1.766E+01   7.127E+01  1.547E+00 
1.781E+01   7.155E+01  1.539E+00 
1.796E+01   7.184E+01  1.531E+00 
1.811E+01   7.212E+01  1.522E+00 
1.826E+01   7.241E+01  1.514E+00 
1.841E+01   7.269E+01  1.506E+00 
1.856E+01   7.298E+01  1.498E+00 
1.872E+01   7.327E+01  1.490E+00 
1.888E+01   7.356E+01  1.481E+00 
1.903E+01   7.385E+01  1.473E+00 
1.919E+01   7.414E+01  1.465E+00 
1.935E+01   7.443E+01  1.457E+00 
1.951E+01   7.472E+01  1.449E+00 
1.968E+01   7.502E+01  1.442E+00 
1.984E+01   7.531E+01  1.434E+00 
2.000E+01   7.561E+01  1.426E+00 
2.017E+01   7.590E+01  1.418E+00 
2.034E+01   7.620E+01  1.410E+00 
2.051E+01   7.650E+01  1.402E+00 
2.068E+01   7.680E+01  1.395E+00 
2.085E+01   7.710E+01  1.387E+00 
2.103E+01   7.740E+01  1.379E+00 
2.120E+01   7.770E+01  1.372E+00 
2.138E+01   7.800E+01  1.364E+00 
2.156E+01   7.830E+01  1.357E+00 
2.174E+01   7.860E+01  1.349E+00 
2.192E+01   7.891E+01  1.342E+00 
2.210E+01   7.921E+01  1.334E+00 
2.228E+01   7.952E+01  1.327E+00 
2.247E+01   7.982E+01  1.319E+00 
2.266E+01   8.013E+01  1.312E+00 
2.285E+01   8.044E+01  1.305E+00 
2.304E+01   8.074E+01  1.297E+00 
2.323E+01   8.105E+01  1.290E+00 
2.342E+01   8.136E+01  1.283E+00 
2.362E+01   8.167E+01  1.276E+00 
2.381E+01   8.198E+01  1.269E+00 
2.401E+01   8.229E+01  1.261E+00 
2.421E+01   8.260E+01  1.254E+00 
2.442E+01   8.292E+01  1.247E+00 
2.462E+01   8.323E+01  1.240E+00 
2.482E+01   8.354E+01  1.233E+00 
2.503E+01   8.385E+01  1.226E+00 
2.524E+01   8.417E+01  1.219E+00 
2.545E+01   8.448E+01  1.213E+00 
2.566E+01   8.480E+01  1.206E+00 
2.588E+01   8.511E+01  1.199E+00 
2.609E+01   8.543E+01  1.192E+00 
2.631E+01   8.575E+01  1.185E+00 
2.653E+01   8.606E+01  1.179E+00 
2.675E+01   8.638E+01  1.172E+00 
2.697E+01   8.670E+01  1.165E+00 
2.720E+01   8.701E+01  1.158E+00 
2.742E+01   8.733E+01  1.152E+00 
2.765E+01   8.765E+01  1.145E+00 
2.788E+01   8.797E+01  1.139E+00 
2.812E+01   8.829E+01  1.132E+00 
2.835E+01   8.861E+01  1.126E+00 
2.859E+01   8.892E+01  1.119E+00 
2.883E+01   8.924E+01  1.113E+00 
2.907E+01   8.956E+01  1.106E+00 
2.931E+01   8.988E+01  1.100E+00 
2.955E+01   9.020E+01  1.094E+00 
2.980E+01   9.052E+01  1.087E+00 
3.005E+01   9.084E+01  1.081E+00 
3.030E+01   9.116E+01  1.075E+00 
3.055E+01   9.148E+01  1.069E+00 
3.080E+01   9.180E+01  1.062E+00 
3.106E+01   9.212E+01  1.056E+00 
3.132E+01   9.244E+01  1.050E+00 
3.158E+01   9.276E+01  1.044E+00 
3.184E+01   9.308E+01  1.038E+00 
3.211E+01   9.340E+01  1.032E+00 
3.238E+01   9.372E+01  1.026E+00 
3.265E+01   9.404E+01  1.020E+00 
3.292E+01   9.436E+01  1.014E+00 
3.319E+01   9.468E+01  1.008E+00 
3.347E+01   9.500E+01  1.002E+00 
3.375E+01   9.532E+01  9.964E-01 
3.403E+01   9.564E+01  9.906E-01 
3.432E+01   9.596E+01  9.847E-01 
3.460E+01   9.628E+01  9.790E-01 
3.489E+01   9.660E+01  9.732E-01 
3.518E+01   9.692E+01  9.675E-01 
3.547E+01   9.723E+01  9.618E-01 
3.577E+01   9.755E+01  9.562E-01 
3.607E+01   9.787E+01  9.505E-01 
3.637E+01   9.818E+01  9.272E-01 
3.667E+01   9.850E+01  9.217E-01 
3.698E+01   9.882E+01  9.163E-01 
3.729E+01   9.913E+01  9.109E-01 
3.760E+01   9.945E+01  9.056E-01 
3.791E+01   9.976E+01  9.003E-01 
3.823E+01   1.001E+02  8.950E-01 
3.855E+01   1.004E+02  8.897E-01 
3.887E+01   1.007E+02  8.845E-01 
3.919E+01   1.010E+02  8.793E-01 
3.952E+01   1.013E+02  8.741E-01 
3.985E+01   1.016E+02  8.689E-01 
4.018E+01   1.019E+02  8.638E-01 
4.051E+01   1.023E+02  8.587E-01 
4.085E+01   1.026E+02  8.536E-01 
4.119E+01   1.029E+02  8.485E-01 
4.154E+01   1.032E+02  8.435E-01 
4.188E+01   1.035E+02  8.385E-01 
4.223E+01   1.038E+02  8.335E-01 
4.258E+01   1.041E+02  8.285E-01 
4.294E+01   1.044E+02  8.236E-01 
4.330E+01   1.047E+02  8.186E-01 
4.366E+01   1.050E+02  8.138E-01 
4.402E+01   1.053E+02  8.089E-01 
4.439E+01   1.056E+02  8.041E-01 
4.476E+01   1.059E+02  7.993E-01 
4.513E+01   1.062E+02  7.945E-01 
4.551E+01   1.065E+02  7.897E-01 
4.589E+01   1.068E+02  7.850E-01 
4.627E+01   1.071E+02  7.802E-01 
4.666E+01   1.074E+02  7.756E-01 
4.704E+01   1.077E+02  7.709E-01 
4.744E+01   1.080E+02  7.662E-01 
4.783E+01   1.082E+02  7.616E-01 
4.823E+01   1.085E+02  7.570E-01 
4.863E+01   1.088E+02  7.525E-01 
4.904E+01   1.091E+02  7.479E-01 
4.945E+01   1.094E+02  7.434E-01 
4.986E+01   1.097E+02  7.389E-01 
5.027E+01   1.100E+02  7.344E-01 
5.069E+01   1.102E+02  7.300E-01 
5.112E+01   1.105E+02  7.255E-01 
5.154E+01   1.108E+02  7.211E-01 
5.197E+01   1.111E+02  7.168E-01 
5.241E+01   1.113E+02  7.124E-01 
5.284E+01   1.116E+02  7.081E-01 
5.328E+01   1.119E+02  7.037E-01 
5.373E+01   1.122E+02  6.995E-01 
5.418E+01   1.124E+02  6.952E-01 
5.463E+01   1.127E+02  6.910E-01 
5.508E+01   1.130E+02  6.867E-01 
5.554E+01   1.132E+02  6.825E-01 
5.600E+01   1.135E+02  6.784E-01 
5.647E+01   1.137E+02  6.742E-01 
5.694E+01   1.140E+02  6.701E-01 
5.742E+01   1.142E+02  6.660E-01 
5.790E+01   1.145E+02  6.619E-01 
5.838E+01   1.148E+02  6.578E-01 
5.886E+01   1.150E+02  6.538E-01 
5.936E+01   1.152E+02  6.497E-01 
5.985E+01   1.155E+02  6.457E-01 
6.035E+01   1.157E+02  6.418E-01 
6.085E+01   1.160E+02  6.378E-01 
6.136E+01   1.162E+02  6.339E-01 
6.187E+01   1.165E+02  6.300E-01 
6.239E+01   1.167E+02  6.261E-01 
6.291E+01   1.169E+02  6.222E-01 
6.343E+01   1.172E+02  6.183E-01 
6.396E+01   1.174E+02  6.145E-01 
6.449E+01   1.176E+02  6.107E-01 
6.503E+01   1.178E+02  6.069E-01 
6.557E+01   1.181E+02  6.032E-01 
6.612E+01   1.183E+02  5.994E-01 
6.667E+01   1.185E+02  5.957E-01 
6.723E+01   1.187E+02  5.920E-01 
6.779E+01   1.189E+02  5.883E-01 
6.835E+01   1.191E+02  5.846E-01 
6.892E+01   1.193E+02  5.810E-01 
6.950E+01   1.195E+02  5.774E-01 
7.008E+01   1.197E+02  5.738E-01 
7.066E+01   1.200E+02  5.702E-01 
7.125E+01   1.201E+02  5.666E-01 
7.184E+01   1.203E+02  5.631E-01 
7.244E+01   1.205E+02  5.596E-01 
7.305E+01   1.207E+02  5.561E-01 
7.366E+01   1.209E+02  5.526E-01 
7.427E+01   1.211E+02  5.491E-01 
7.489E+01   1.213E+02  5.457E-01 
7.551E+01   1.215E+02  5.423E-01 
7.614E+01   1.216E+02  5.389E-01 
7.678E+01   1.218E+02  5.355E-01 
7.742E+01   1.220E+02  5.321E-01 
7.806E+01   1.222E+02  5.288E-01 
7.871E+01   1.223E+02  5.254E-01 
7.937E+01   1.225E+02  5.221E-01 
8.003E+01   1.227E+02  5.188E-01 
8.070E+01   1.228E+02  5.156E-01 
8.137E+01   1.230E+02  5.123E-01 
8.205E+01   1.231E+02  5.091E-01 
8.273E+01   1.233E+02  5.059E-01 
8.342E+01   1.234E+02  5.027E-01 
8.412E+01   1.236E+02  4.995E-01 
8.482E+01   1.237E+02  4.963E-01 
8.553E+01   1.238E+02  4.932E-01 
8.624E+01   1.240E+02  4.900E-01 
8.696E+01   1.241E+02  4.869E-01 
8.769E+01   1.242E+02  4.838E-01 
8.842E+01   1.244E+02  4.808E-01 
8.915E+01   1.245E+02  4.777E-01 
8.990E+01   1.246E+02  4.747E-01 
9.065E+01   1.247E+02  4.717E-01 
9.140E+01   1.248E+02  4.687E-01 
9.216E+01   1.249E+02  4.657E-01 
9.293E+01   1.251E+02  4.627E-01 
9.371E+01   1.252E+02  4.598E-01 
9.449E+01   1.253E+02  4.568E-01 
9.528E+01   1.254E+02  4.539E-01 
9.607E+01   1.255E+02  4.510E-01 
9.687E+01   1.256E+02  4.481E-01 
9.768E+01   1.256E+02  4.453E-01 
9.849E+01   1.257E+02  4.424E-01 
9.931E+01   1.258E+02  4.396E-01 
1.001E+02   1.259E+02  4.368E-01 
1.010E+02   1.260E+02  4.340E-01 
1.018E+02   1.260E+02  4.312E-01 
1.027E+02   1.261E+02  4.284E-01 
1.035E+02   1.262E+02  4.257E-01 
1.044E+02   1.262E+02  4.230E-01 
1.053E+02   1.263E+02  4.202E-01 
1.061E+02   1.264E+02  4.175E-01 
1.070E+02   1.264E+02  4.149E-01 
1.079E+02   1.265E+02  4.122E-01 
1.088E+02   1.265E+02  4.095E-01 
1.097E+02   1.266E+02  4.069E-01 
1.106E+02   1.266E+02  4.043E-01 
1.116E+02   1.266E+02  4.017E-01 
1.125E+02   1.267E+02  3.991E-01 
1.134E+02   1.267E+02  3.965E-01 
1.144E+02   1.267E+02  3.939E-01 
1.153E+02   1.268E+02  3.914E-01 
1.163E+02   1.268E+02  3.889E-01 
1.173E+02   1.268E+02  3.864E-01 
1.182E+02   1.268E+02  3.839E-01 
1.192E+02   1.268E+02  3.814E-01 
1.202E+02   1.268E+02  3.789E-01 
1.212E+02   1.269E+02  3.764E-01 
1.222E+02   1.269E+02  3.740E-01 
1.232E+02   1.269E+02  3.716E-01 
1.243E+02   1.269E+02  3.692E-01 
1.253E+02   1.268E+02  3.668E-01 
1.264E+02   1.268E+02  3.644E-01 
1.274E+02   1.268E+02  3.620E-01 
1.285E+02   1.268E+02  3.597E-01 
1.295E+02   1.268E+02  3.573E-01 
1.306E+02   1.268E+02  3.550E-01 
1.317E+02   1.267E+02  3.527E-01 
1.328E+02   1.267E+02  3.504E-01 
1.339E+02   1.267E+02  3.481E-01 
1.350E+02   1.266E+02  3.458E-01 
1.362E+02   1.266E+02  3.436E-01 
1.373E+02   1.266E+02  3.413E-01 
1.384E+02   1.265E+02  3.391E-01 
1.396E+02   1.265E+02  3.369E-01 
1.408E+02   1.264E+02  3.347E-01 
1.419E+02   1.264E+02  3.325E-01 
1.431E+02   1.263E+02  3.303E-01 
1.443E+02   1.262E+02  3.282E-01 
1.455E+02   1.262E+02  3.260E-01 
1.467E+02   1.261E+02  3.239E-01 
1.479E+02   1.260E+02  3.218E-01 
1.492E+02   1.260E+02  3.197E-01 
1.504E+02   1.259E+02  3.176E-01 
1.517E+02   1.258E+02  3.155E-01 
1.529E+02   1.257E+02  3.134E-01 
1.542E+02   1.257E+02  3.113E-01 
1.555E+02   1.256E+02  3.093E-01 
1.568E+02   1.255E+02  3.073E-01 
1.581E+02   1.254E+02  3.052E-01 
1.594E+02   1.253E+02  3.032E-01 
1.607E+02   1.252E+02  3.012E-01 
1.621E+02   1.251E+02  2.993E-01 
1.634E+02   1.250E+02  2.973E-01 
1.648E+02   1.249E+02  2.953E-01 
1.662E+02   1.248E+02  2.934E-01 
1.676E+02   1.246E+02  2.914E-01 
1.690E+02   1.245E+02  2.895E-01 
1.704E+02   1.244E+02  2.876E-01 
1.718E+02   1.243E+02  2.857E-01 
1.732E+02   1.242E+02  2.838E-01 
1.747E+02   1.240E+02  2.819E-01 
1.761E+02   1.239E+02  2.801E-01 
1.776E+02   1.238E+02  2.782E-01 
1.791E+02   1.236E+02  2.764E-01 
1.806E+02   1.235E+02  2.746E-01 
1.821E+02   1.233E+02  2.727E-01 
1.836E+02   1.232E+02  2.709E-01 
1.851E+02   1.230E+02  2.691E-01 
1.867E+02   1.229E+02  2.673E-01 
1.882E+02   1.227E+02  2.656E-01 
1.898E+02   1.226E+02  2.638E-01 
1.914E+02   1.224E+02  2.621E-01 
1.930E+02   1.223E+02  2.603E-01 
1.946E+02   1.221E+02  2.586E-01 
1.962E+02   1.219E+02  2.569E-01 
1.978E+02   1.218E+02  2.552E-01 
1.995E+02   1.216E+02  2.535E-01 
2.011E+02   1.214E+02  2.518E-01 
2.028E+02   1.213E+02  2.501E-01 
2.045E+02   1.211E+02  2.484E-01 
2.062E+02   1.209E+02  2.468E-01 
2.079E+02   1.207E+02  2.451E-01 
2.097E+02   1.205E+02  2.435E-01 
2.114E+02   1.203E+02  2.419E-01 
2.132E+02   1.201E+02  2.403E-01 
2.150E+02   1.200E+02  2.387E-01 
2.167E+02   1.198E+02  2.371E-01 
2.185E+02   1.196E+02  2.355E-01 
2.204E+02   1.194E+02  2.339E-01 
2.222E+02   1.192E+02  2.323E-01 
2.241E+02   1.190E+02  2.308E-01 
2.259E+02   1.188E+02  2.292E-01 
2.278E+02   1.185E+02  2.277E-01 
2.297E+02   1.183E+02  2.262E-01 
2.316E+02   1.181E+02  2.247E-01 
2.336E+02   1.179E+02  2.232E-01 
2.355E+02   1.177E+02  2.217E-01 
2.375E+02   1.175E+02  2.202E-01 
2.394E+02   1.173E+02  2.187E-01 
2.414E+02   1.170E+02  2.172E-01 
2.435E+02   1.168E+02  2.158E-01 
2.455E+02   1.166E+02  2.143E-01 
2.475E+02   1.164E+02  2.129E-01 
2.496E+02   1.161E+02  2.114E-01 
2.517E+02   1.159E+02  2.100E-01 
2.538E+02   1.157E+02  2.086E-01 
2.559E+02   1.154E+02  2.072E-01 
2.580E+02   1.152E+02  2.058E-01 
2.602E+02   1.149E+02  2.044E-01 
2.623E+02   1.147E+02  2.031E-01 
2.645E+02   1.145E+02  2.017E-01 
2.667E+02   1.142E+02  2.003E-01 
2.690E+02   1.140E+02  1.990E-01 
2.712E+02   1.137E+02  1.976E-01 
2.735E+02   1.135E+02  1.963E-01 
2.757E+02   1.132E+02  1.950E-01 
2.780E+02   1.130E+02  1.937E-01 
2.804E+02   1.127E+02  1.923E-01 
2.827E+02   1.125E+02  1.910E-01 
2.851E+02   1.122E+02  1.898E-01 
2.874E+02   1.120E+02  1.885E-01 
2.898E+02   1.117E+02  1.872E-01 
2.922E+02   1.114E+02  1.859E-01 
2.947E+02   1.112E+02  1.847E-01 
2.971E+02   1.109E+02  1.834E-01 
2.996E+02   1.106E+02  1.822E-01 
3.021E+02   1.104E+02  1.809E-01 
3.046E+02   1.101E+02  1.797E-01 
3.072E+02   1.098E+02  1.785E-01 
3.097E+02   1.096E+02  1.773E-01 
3.123E+02   1.093E+02  1.761E-01 
3.149E+02   1.090E+02  1.749E-01 
3.175E+02   1.087E+02  1.737E-01 
3.202E+02   1.085E+02  1.725E-01 
3.229E+02   1.082E+02  1.714E-01 
3.256E+02   1.079E+02  1.702E-01 
3.283E+02   1.076E+02  1.690E-01 
3.310E+02   1.074E+02  1.679E-01 
3.338E+02   1.071E+02  1.667E-01 
3.365E+02   1.068E+02  1.656E-01 
3.394E+02   1.065E+02  1.645E-01 
3.422E+02   1.062E+02  1.634E-01 
3.450E+02   1.059E+02  1.622E-01 
3.479E+02   1.057E+02  1.611E-01 
3.508E+02   1.054E+02  1.600E-01 
3.537E+02   1.051E+02  1.590E-01 
3.567E+02   1.048E+02  1.579E-01 
3.597E+02   1.045E+02  1.568E-01 
3.627E+02   1.042E+02  1.557E-01 
3.657E+02   1.039E+02  1.547E-01 
3.687E+02   1.036E+02  1.536E-01 
3.718E+02   1.033E+02  1.526E-01 
3.749E+02   1.031E+02  1.515E-01 
3.780E+02   1.028E+02  1.505E-01 
3.812E+02   1.025E+02  1.494E-01 
3.844E+02   1.022E+02  1.484E-01 
3.876E+02   1.019E+02  1.474E-01 
3.908E+02   1.016E+02  1.464E-01 
3.940E+02   1.013E+02  1.454E-01 
3.973E+02   1.010E+02  1.444E-01 
4.006E+02   1.007E+02  1.434E-01 
4.040E+02   1.004E+02  1.424E-01 
4.074E+02   1.001E+02  1.415E-01 
4.108E+02   9.979E+01  1.405E-01 
4.142E+02   9.948E+01  1.395E-01 
4.176E+02   9.918E+01  1.386E-01 
4.211E+02   9.888E+01  1.376E-01 
4.246E+02   9.858E+01  1.367E-01 
4.282E+02   9.828E+01  1.357E-01 
4.317E+02   9.797E+01  1.348E-01 
4.353E+02   9.767E+01  1.339E-01 
4.390E+02   9.737E+01  1.330E-01 
4.426E+02   9.706E+01  1.320E-01 
4.463E+02   9.676E+01  1.311E-01 
4.500E+02   9.645E+01  1.302E-01 
4.538E+02   9.615E+01  1.293E-01 
4.576E+02   9.584E+01  1.284E-01 
4.614E+02   9.554E+01  1.276E-01 
4.652E+02   9.523E+01  1.267E-01 
4.691E+02   9.493E+01  1.258E-01 
4.730E+02   9.462E+01  1.249E-01 
4.770E+02   9.431E+01  1.241E-01 
4.809E+02   9.401E+01  1.232E-01 
4.849E+02   9.370E+01  1.224E-01 
4.890E+02   9.339E+01  1.215E-01 
4.931E+02   9.309E+01  1.207E-01 
4.972E+02   9.278E+01  1.199E-01 
5.013E+02   9.247E+01  1.190E-01 
5.055E+02   9.216E+01  1.182E-01 
5.097E+02   9.186E+01  1.174E-01 
5.140E+02   9.155E+01  1.166E-01 
5.182E+02   9.124E+01  1.158E-01 
5.226E+02   9.093E+01  1.150E-01 
5.269E+02   9.062E+01  1.142E-01 
5.313E+02   9.032E+01  1.134E-01 
5.357E+02   9.001E+01  1.126E-01 
5.402E+02   8.970E+01  1.118E-01 
5.447E+02   8.939E+01  1.111E-01 
5.493E+02   8.909E+01  1.103E-01 
5.538E+02   8.878E+01  1.095E-01 
5.585E+02   8.847E+01  1.088E-01 
5.631E+02   8.816E+01  1.080E-01 
5.678E+02   8.786E+01  1.073E-01 
5.725E+02   8.755E+01  1.065E-01 
5.773E+02   8.724E+01  1.058E-01 
5.821E+02   8.693E+01  1.051E-01 
5.870E+02   8.663E+01  1.043E-01 
5.919E+02   8.632E+01  1.036E-01 
5.968E+02   8.601E+01  1.029E-01 
6.018E+02   8.571E+01  1.022E-01 
6.068E+02   8.540E+01  1.015E-01 
6.119E+02   8.510E+01  1.008E-01 
6.170E+02   8.479E+01  1.001E-01 
6.221E+02   8.448E+01  9.936E-02 
6.273E+02   8.418E+01  9.867E-02 
6.325E+02   8.387E+01  9.798E-02 
6.378E+02   8.357E+01  9.730E-02 
6.431E+02   8.327E+01  9.663E-02 
6.485E+02   8.296E+01  9.595E-02 
6.539E+02   8.266E+01  9.529E-02 
6.593E+02   8.235E+01  9.462E-02 
6.648E+02   8.205E+01  9.396E-02 
6.704E+02   8.175E+01  9.331E-02 
6.760E+02   8.145E+01  9.266E-02 
6.816E+02   8.114E+01  9.201E-02 
6.873E+02   8.084E+01  9.137E-02 
6.930E+02   8.054E+01  9.074E-02 
6.988E+02   8.024E+01  9.010E-02 
7.046E+02   7.994E+01  8.948E-02 
7.105E+02   7.964E+01  8.885E-02 
7.164E+02   7.934E+01  8.823E-02 
7.224E+02   7.904E+01  8.762E-02 
7.284E+02   7.874E+01  8.700E-02 
7.345E+02   7.844E+01  8.640E-02 
7.406E+02   7.814E+01  8.579E-02 
7.468E+02   7.785E+01  8.519E-02 
7.530E+02   7.755E+01  8.460E-02 
7.593E+02   7.725E+01  8.401E-02 
7.656E+02   7.696E+01  8.342E-02 
7.720E+02   7.666E+01  8.284E-02 
7.784E+02   7.637E+01  8.226E-02 
7.849E+02   7.607E+01  8.168E-02 
7.915E+02   7.578E+01  8.111E-02 
7.981E+02   7.548E+01  8.054E-02 
8.047E+02   7.519E+01  7.998E-02 
8.114E+02   7.490E+01  7.942E-02 
8.182E+02   7.461E+01  7.886E-02 
8.250E+02   7.432E+01  7.831E-02 
8.319E+02   7.402E+01  7.776E-02 
8.388E+02   7.373E+01  7.722E-02 
8.458E+02   7.344E+01  7.667E-02 
8.529E+02   7.316E+01  7.614E-02 
8.600E+02   7.287E+01  7.560E-02 
8.671E+02   7.258E+01  7.507E-02 
8.744E+02   7.229E+01  7.455E-02 
8.817E+02   7.200E+01  7.402E-02 
8.890E+02   7.172E+01  7.350E-02 
8.964E+02   7.143E+01  7.299E-02 
9.039E+02   7.115E+01  7.247E-02 
9.114E+02   7.086E+01  7.197E-02 
9.190E+02   7.058E+01  7.146E-02 
9.267E+02   7.030E+01  7.096E-02 
9.344E+02   7.001E+01  7.046E-02 
9.422E+02   6.973E+01  6.996E-02 
9.501E+02   6.945E+01  6.947E-02 
9.580E+02   6.917E+01  6.898E-02 
9.660E+02   6.889E+01  6.850E-02 
9.740E+02   6.861E+01  6.802E-02 
9.821E+02   6.833E+01  6.754E-02 
9.903E+02   6.806E+01  6.706E-02 
9.986E+02   6.778E+01  6.659E-02 
1.007E+03   6.750E+01  6.612E-02 
1.015E+03   6.723E+01  6.565E-02 
1.024E+03   6.695E+01  6.519E-02 
1.032E+03   6.668E+01  6.473E-02 
1.041E+03   6.640E+01  6.428E-02 
1.050E+03   6.613E+01  6.382E-02 
1.058E+03   6.586E+01  6.337E-02 
1.067E+03   6.559E+01  6.293E-02 
1.076E+03   6.531E+01  6.248E-02 
1.085E+03   6.504E+01  6.204E-02 
1.094E+03   6.477E+01  6.160E-02 
1.103E+03   6.451E+01  6.117E-02 
1.112E+03   6.424E+01  6.074E-02 
1.122E+03   6.397E+01  6.031E-02 
1.131E+03   6.370E+01  5.988E-02 
1.140E+03   6.344E+01  5.946E-02 
1.150E+03   6.317E+01  5.904E-02 
1.160E+03   6.291E+01  5.862E-02 
1.169E+03   6.264E+01  5.821E-02 
1.179E+03   6.238E+01  5.780E-02 
1.189E+03   6.212E+01  5.739E-02 
1.199E+03   6.186E+01  5.698E-02 
1.209E+03   6.160E+01  5.658E-02 
1.219E+03   6.134E+01  5.618E-02 
1.229E+03   6.108E+01  5.578E-02 
1.239E+03   6.082E+01  5.538E-02 
1.250E+03   6.056E+01  5.499E-02 
1.260E+03   6.031E+01  5.460E-02 
1.270E+03   6.005E+01  5.422E-02 
1.281E+03   5.979E+01  5.383E-02 
1.292E+03   5.954E+01  5.345E-02 
1.302E+03   5.929E+01  5.307E-02 
1.313E+03   5.903E+01  5.270E-02 
1.324E+03   5.878E+01  5.232E-02 
1.335E+03   5.853E+01  5.195E-02 
1.346E+03   5.828E+01  5.158E-02 
1.358E+03   5.803E+01  5.122E-02 
1.369E+03   5.778E+01  5.085E-02 
1.380E+03   5.753E+01  5.049E-02 
1.392E+03   5.728E+01  5.013E-02 
1.404E+03   5.704E+01  4.978E-02 
1.415E+03   5.679E+01  4.942E-02 
1.427E+03   5.654E+01  4.907E-02 
1.439E+03   5.630E+01  4.872E-02 
1.451E+03   5.606E+01  4.838E-02 
1.463E+03   5.581E+01  4.803E-02 
1.475E+03   5.557E+01  4.769E-02 
1.487E+03   5.533E+01  4.735E-02 
1.500E+03   5.509E+01  4.702E-02 
1.512E+03   5.485E+01  4.668E-02 
1.525E+03   5.461E+01  4.635E-02 
1.538E+03   5.437E+01  4.602E-02 
1.551E+03   5.413E+01  4.569E-02 
1.563E+03   5.390E+01  4.537E-02 
1.577E+03   5.366E+01  4.504E-02 
1.590E+03   5.343E+01  4.472E-02 
1.603E+03   5.319E+01  4.441E-02 
1.616E+03   5.296E+01  4.409E-02 
1.630E+03   5.273E+01  4.377E-02 
1.643E+03   5.249E+01  4.346E-02 
1.657E+03   5.226E+01  4.315E-02 
1.671E+03   5.203E+01  4.285E-02 
1.685E+03   5.180E+01  4.254E-02 
1.699E+03   5.157E+01  4.224E-02 
1.713E+03   5.135E+01  4.194E-02 
1.727E+03   5.112E+01  4.164E-02 
1.742E+03   5.089E+01  4.134E-02 
1.756E+03   5.067E+01  4.104E-02 
1.771E+03   5.044E+01  4.075E-02 
1.786E+03   5.022E+01  4.046E-02 
1.800E+03   5.000E+01  4.017E-02 
1.815E+03   4.977E+01  3.988E-02 
1.831E+03   4.955E+01  3.960E-02 
1.846E+03   4.933E+01  3.932E-02 
1.861E+03   4.911E+01  3.904E-02 
1.877E+03   4.889E+01  3.876E-02 
1.892E+03   4.867E+01  3.848E-02 
1.908E+03   4.846E+01  3.820E-02 
1.924E+03   4.824E+01  3.793E-02 
1.940E+03   4.802E+01  3.766E-02 
1.956E+03   4.781E+01  3.739E-02 
1.973E+03   4.759E+01  3.712E-02 
1.989E+03   4.738E+01  3.686E-02 
2.006E+03   4.717E+01  3.659E-02 
2.022E+03   4.695E+01  3.633E-02 
2.039E+03   4.673E+01  3.607E-02 
2.056E+03   4.651E+01  3.581E-02 
2.073E+03   4.629E+01  3.556E-02 
2.091E+03   4.607E+01  3.530E-02 
2.108E+03   4.584E+01  3.505E-02 
2.126E+03   4.561E+01  3.480E-02 
2.143E+03   4.538E+01  3.455E-02 
2.161E+03   4.515E+01  3.430E-02 
2.179E+03   4.492E+01  3.406E-02 
2.197E+03   4.468E+01  3.381E-02 
2.216E+03   4.445E+01  3.357E-02 
2.234E+03   4.421E+01  3.333E-02 
2.253E+03   4.396E+01  3.309E-02 
2.272E+03   4.372E+01  3.285E-02 
2.291E+03   4.348E+01  3.262E-02 
2.310E+03   4.323E+01  3.238E-02 
2.329E+03   4.298E+01  3.215E-02 
2.348E+03   4.273E+01  3.192E-02 
2.368E+03   4.247E+01  3.169E-02 
2.388E+03   4.222E+01  3.146E-02 
2.408E+03   4.196E+01  3.124E-02 
2.428E+03   4.172E+01  3.101E-02 
2.448E+03   4.150E+01  3.079E-02 
2.468E+03   4.128E+01  3.057E-02 
2.489E+03   4.106E+01  3.035E-02 
2.510E+03   4.084E+01  3.013E-02 
2.531E+03   4.062E+01  2.991E-02 
2.552E+03   4.040E+01  2.970E-02 
2.573E+03   4.019E+01  2.948E-02 
2.594E+03   3.997E+01  2.927E-02 
2.616E+03   3.976E+01  2.906E-02 
2.638E+03   3.954E+01  2.885E-02 
2.660E+03   3.933E+01  2.864E-02 
2.682E+03   3.912E+01  2.844E-02 
2.704E+03   3.891E+01  2.823E-02 
2.727E+03   3.870E+01  2.803E-02 
2.750E+03   3.849E+01  2.783E-02 
2.773E+03   3.828E+01  2.763E-02 
2.796E+03   3.807E+01  2.743E-02 
2.819E+03   3.786E+01  2.723E-02 
2.842E+03   3.766E+01  2.703E-02 
2.866E+03   3.745E+01  2.684E-02 
2.890E+03   3.725E+01  2.665E-02 
2.914E+03   3.704E+01  2.645E-02 
2.938E+03   3.684E+01  2.626E-02 
2.963E+03   3.664E+01  2.607E-02 
2.988E+03   3.644E+01  2.589E-02 
3.013E+03   3.624E+01  2.570E-02 
3.038E+03   3.604E+01  2.551E-02 
3.063E+03   3.584E+01  2.533E-02 
3.089E+03   3.564E+01  2.515E-02 
3.114E+03   3.544E+01  2.497E-02 
3.140E+03   3.525E+01  2.478E-02 
3.166E+03   3.505E+01  2.461E-02 
3.193E+03   3.486E+01  2.443E-02 
3.219E+03   3.467E+01  2.425E-02 
3.246E+03   3.447E+01  2.408E-02 
3.273E+03   3.428E+01  2.390E-02 
3.301E+03   3.409E+01  2.373E-02 
3.328E+03   3.390E+01  2.356E-02 
3.356E+03   3.371E+01  2.339E-02 
3.384E+03   3.352E+01  2.322E-02 
3.412E+03   3.334E+01  2.305E-02 
3.441E+03   3.315E+01  2.288E-02 
3.469E+03   3.296E+01  2.272E-02 
3.498E+03   3.278E+01  2.255E-02 
3.527E+03   3.260E+01  2.239E-02 
3.557E+03   3.241E+01  2.223E-02 
3.586E+03   3.223E+01  2.207E-02 
3.616E+03   3.205E+01  2.191E-02 
3.646E+03   3.187E+01  2.175E-02 
3.677E+03   3.169E+01  2.159E-02 
3.707E+03   3.151E+01  2.144E-02 
3.738E+03   3.133E+01  2.128E-02 
3.770E+03   3.116E+01  2.113E-02 
3.801E+03   3.098E+01  2.097E-02 
3.833E+03   3.080E+01  2.082E-02 
3.865E+03   3.063E+01  2.067E-02 
3.897E+03   3.045E+01  2.052E-02 
3.929E+03   3.028E+01  2.037E-02 
3.962E+03   3.011E+01  2.022E-02 
3.995E+03   2.994E+01  2.008E-02 
4.028E+03   2.977E+01  1.993E-02 
4.062E+03   2.960E+01  1.979E-02 
4.096E+03   2.943E+01  1.964E-02 
4.130E+03   2.926E+01  1.950E-02 
4.164E+03   2.909E+01  1.936E-02 
4.199E+03   2.893E+01  1.922E-02 
4.234E+03   2.876E+01  1.908E-02 
4.269E+03   2.860E+01  1.894E-02 
4.305E+03   2.843E+01  1.880E-02 
4.341E+03   2.827E+01  1.867E-02 
4.377E+03   2.811E+01  1.853E-02 
4.414E+03   2.795E+01  1.840E-02 
4.450E+03   2.778E+01  1.826E-02 
4.488E+03   2.762E+01  1.813E-02 
4.525E+03   2.747E+01  1.800E-02 
4.563E+03   2.731E+01  1.787E-02 
4.601E+03   2.715E+01  1.774E-02 
4.639E+03   2.699E+01  1.761E-02 
4.678E+03   2.684E+01  1.748E-02 
4.717E+03   2.668E+01  1.735E-02 
4.756E+03   2.653E+01  1.723E-02 
4.796E+03   2.637E+01  1.710E-02 
4.836E+03   2.622E+01  1.698E-02 
4.876E+03   2.607E+01  1.685E-02 
4.917E+03   2.592E+01  1.673E-02 
4.958E+03   2.577E+01  1.661E-02 
4.999E+03   2.562E+01  1.649E-02 
5.041E+03   2.547E+01  1.637E-02 
5.083E+03   2.532E+01  1.625E-02 
5.125E+03   2.517E+01  1.613E-02 
5.168E+03   2.502E+01  1.601E-02 
5.211E+03   2.488E+01  1.590E-02 
5.254E+03   2.473E+01  1.578E-02 
5.298E+03   2.459E+01  1.567E-02 
5.342E+03   2.444E+01  1.555E-02 
5.387E+03   2.430E+01  1.544E-02 
5.432E+03   2.416E+01  1.533E-02 
5.477E+03   2.402E+01  1.522E-02 
5.523E+03   2.387E+01  1.510E-02 
5.569E+03   2.373E+01  1.499E-02 
5.615E+03   2.360E+01  1.488E-02 
5.662E+03   2.346E+01  1.478E-02 
5.709E+03   2.332E+01  1.467E-02 
5.757E+03   2.318E+01  1.456E-02 
5.805E+03   2.304E+01  1.446E-02 
5.853E+03   2.291E+01  1.435E-02 
5.902E+03   2.277E+01  1.425E-02 
5.951E+03   2.264E+01  1.414E-02 
6.001E+03   2.250E+01  1.404E-02 
6.051E+03   2.237E+01  1.394E-02 
6.101E+03   2.224E+01  1.383E-02 
6.152E+03   2.211E+01  1.373E-02 
6.203E+03   2.198E+01  1.363E-02 
6.255E+03   2.185E+01  1.353E-02 
6.307E+03   2.172E+01  1.343E-02 
6.360E+03   2.159E+01  1.334E-02 
6.413E+03   2.146E+01  1.324E-02 
6.466E+03   2.133E+01  1.314E-02 
6.520E+03   2.120E+01  1.305E-02 
6.575E+03   2.108E+01  1.295E-02 
6.629E+03   2.095E+01  1.286E-02 
6.685E+03   2.083E+01  1.276E-02 
6.740E+03   2.070E+01  1.267E-02 
6.797E+03   2.058E+01  1.258E-02 
6.853E+03   2.046E+01  1.248E-02 
6.910E+03   2.033E+01  1.239E-02 
6.968E+03   2.021E+01  1.230E-02 
7.026E+03   2.009E+01  1.221E-02 
7.085E+03   1.997E+01  1.212E-02 
7.144E+03   1.985E+01  1.203E-02 
7.203E+03   1.973E+01  1.195E-02 
7.263E+03   1.961E+01  1.186E-02 
7.324E+03   1.949E+01  1.177E-02 
7.385E+03   1.938E+01  1.168E-02 
7.447E+03   1.926E+01  1.160E-02 
7.509E+03   1.914E+01  1.151E-02 
7.571E+03   1.903E+01  1.143E-02 
7.634E+03   1.891E+01  1.135E-02 
7.698E+03   1.880E+01  1.126E-02 
7.762E+03   1.869E+01  1.118E-02 
7.827E+03   1.857E+01  1.110E-02 
7.892E+03   1.846E+01  1.102E-02 
7.958E+03   1.835E+01  1.094E-02 
8.024E+03   1.824E+01  1.086E-02 
8.091E+03   1.813E+01  1.078E-02 
8.159E+03   1.802E+01  1.070E-02 
8.227E+03   1.791E+01  1.062E-02 
8.295E+03   1.780E+01  1.054E-02 
8.364E+03   1.769E+01  1.046E-02 
8.434E+03   1.759E+01  1.039E-02 
8.504E+03   1.748E+01  1.031E-02 
8.575E+03   1.737E+01  1.024E-02 
8.647E+03   1.727E+01  1.016E-02 
8.719E+03   1.716E+01  1.009E-02 
8.792E+03   1.706E+01  1.001E-02 
8.865E+03   1.695E+01  9.938E-03 
8.939E+03   1.685E+01  9.865E-03 
9.013E+03   1.675E+01  9.793E-03 
9.088E+03   1.665E+01  9.721E-03 
9.164E+03   1.654E+01  9.649E-03 
9.241E+03   1.644E+01  9.578E-03 
9.318E+03   1.634E+01  9.508E-03 
9.395E+03   1.624E+01  9.438E-03 
9.474E+03   1.614E+01  9.369E-03 
9.553E+03   1.604E+01  9.300E-03 
9.632E+03   1.595E+01  9.231E-03 
9.713E+03   1.585E+01  9.164E-03 
9.794E+03   1.575E+01  9.096E-03 
9.875E+03   1.565E+01  9.029E-03 
9.958E+03   1.556E+01  8.963E-03 
1.004E+04   1.546E+01  8.897E-03 
1.012E+04   1.537E+01  8.832E-03 
1.021E+04   1.527E+01  8.767E-03 
1.029E+04   1.518E+01  8.702E-03 
1.038E+04   1.508E+01  8.638E-03 
1.047E+04   1.499E+01  8.574E-03 
1.055E+04   1.490E+01  8.511E-03 
1.064E+04   1.481E+01  8.449E-03 
1.073E+04   1.472E+01  8.387E-03 
1.082E+04   1.462E+01  8.325E-03 
1.091E+04   1.453E+01  8.263E-03 
1.100E+04   1.444E+01  8.203E-03 
1.109E+04   1.436E+01  8.142E-03 
1.118E+04   1.427E+01  8.082E-03 
1.128E+04   1.418E+01  8.023E-03 
1.137E+04   1.409E+01  7.964E-03 
1.147E+04   1.400E+01  7.905E-03 
1.156E+04   1.392E+01  7.847E-03 
1.166E+04   1.383E+01  7.789E-03 
1.176E+04   1.374E+01  7.731E-03 
1.185E+04   1.366E+01  7.674E-03 
1.195E+04   1.357E+01  7.618E-03 
1.205E+04   1.349E+01  7.562E-03 
1.215E+04   1.341E+01  7.506E-03 
1.225E+04   1.332E+01  7.451E-03 
1.236E+04   1.324E+01  7.396E-03 
1.246E+04   1.316E+01  7.341E-03 
1.256E+04   1.307E+01  7.287E-03 
1.267E+04   1.299E+01  7.233E-03 
1.277E+04   1.291E+01  7.180E-03 
1.288E+04   1.283E+01  7.127E-03 
1.299E+04   1.275E+01  7.074E-03 
1.310E+04   1.267E+01  7.022E-03 
1.321E+04   1.259E+01  6.970E-03 
1.332E+04   1.251E+01  6.919E-03 
1.343E+04   1.243E+01  6.868E-03 
1.354E+04   1.236E+01  6.817E-03 
1.365E+04   1.228E+01  6.767E-03 
1.376E+04   1.220E+01  6.717E-03 
1.388E+04   1.213E+01  6.667E-03 
1.400E+04   1.205E+01  6.618E-03 
1.411E+04   1.197E+01  6.569E-03 
1.423E+04   1.190E+01  6.520E-03 
1.435E+04   1.182E+01  6.472E-03 
1.447E+04   1.175E+01  6.424E-03 
1.459E+04   1.168E+01  6.377E-03 
1.471E+04   1.160E+01  6.330E-03 
1.483E+04   1.153E+01  6.283E-03 
1.496E+04   1.146E+01  6.236E-03 
1.508E+04   1.139E+01  6.190E-03 
1.521E+04   1.131E+01  6.144E-03 
1.533E+04   1.124E+01  6.099E-03 
1.546E+04   1.117E+01  6.054E-03 
1.559E+04   1.110E+01  6.009E-03 
1.572E+04   1.103E+01  5.965E-03 
1.585E+04   1.096E+01  5.921E-03 
1.598E+04   1.089E+01  5.877E-03 
1.612E+04   1.082E+01  5.833E-03 
1.625E+04   1.075E+01  5.790E-03 
1.639E+04   1.069E+01  5.747E-03 
1.652E+04   1.062E+01  5.705E-03 
1.666E+04   1.055E+01  5.662E-03 
1.680E+04   1.048E+01  5.620E-03 
1.694E+04   1.042E+01  5.579E-03 
1.708E+04   1.035E+01  5.538E-03 
1.722E+04   1.029E+01  5.497E-03 
1.737E+04   1.022E+01  5.456E-03 
1.751E+04   1.016E+01  5.415E-03 
1.766E+04   1.009E+01  5.375E-03 
1.781E+04   1.003E+01  5.335E-03 
1.795E+04   9.964E+00  5.296E-03 
1.810E+04   9.901E+00  5.257E-03 
1.825E+04   9.838E+00  5.218E-03 
1.841E+04   9.775E+00  5.179E-03 
1.856E+04   9.713E+00  5.141E-03 
1.871E+04   9.651E+00  5.103E-03 
1.887E+04   9.590E+00  5.065E-03 
1.903E+04   9.528E+00  5.027E-03 
1.919E+04   9.468E+00  4.990E-03 
1.935E+04   9.407E+00  4.953E-03 
1.951E+04   9.347E+00  4.916E-03 
1.967E+04   9.288E+00  4.880E-03 
1.983E+04   9.228E+00  4.843E-03 
2.000E+04   9.169E+00  4.807E-03 
