Ion = Hydrogen    , Mass = 1.008
Tgt =  C +  H +  O (Solid), Density = 1.38 g/cm3
Stopping Units = MeV/mm       
Energy(keV)  S(Elec)    S(Nuc)
5.000E+00   4.301E+01  1.635E+00 
5.042E+00   4.317E+01  1.627E+00 
5.084E+00   4.334E+01  1.618E+00 
5.126E+00   4.351E+01  1.610E+00 
5.169E+00   4.368E+01  1.601E+00 
5.212E+00   4.384E+01  1.593E+00 
5.255E+00   4.401E+01  1.584E+00 
5.299E+00   4.418E+01  1.576E+00 
5.343E+00   4.435E+01  1.567E+00 
5.388E+00   4.453E+01  1.559E+00 
5.433E+00   4.470E+01  1.551E+00 
5.478E+00   4.487E+01  1.542E+00 
5.524E+00   4.504E+01  1.534E+00 
5.570E+00   4.522E+01  1.526E+00 
5.616E+00   4.539E+01  1.518E+00 
5.663E+00   4.557E+01  1.510E+00 
5.710E+00   4.574E+01  1.502E+00 
5.758E+00   4.592E+01  1.493E+00 
5.806E+00   4.610E+01  1.485E+00 
5.854E+00   4.628E+01  1.477E+00 
5.903E+00   4.646E+01  1.469E+00 
5.952E+00   4.663E+01  1.461E+00 
6.002E+00   4.682E+01  1.453E+00 
6.052E+00   4.700E+01  1.446E+00 
6.102E+00   4.718E+01  1.438E+00 
6.153E+00   4.736E+01  1.430E+00 
6.205E+00   4.755E+01  1.422E+00 
6.256E+00   4.773E+01  1.414E+00 
6.309E+00   4.791E+01  1.407E+00 
6.361E+00   4.810E+01  1.399E+00 
6.414E+00   4.828E+01  1.391E+00 
6.468E+00   4.847E+01  1.384E+00 
6.522E+00   4.866E+01  1.376E+00 
6.576E+00   4.884E+01  1.368E+00 
6.631E+00   4.903E+01  1.361E+00 
6.686E+00   4.922E+01  1.353E+00 
6.742E+00   4.941E+01  1.346E+00 
6.798E+00   4.960E+01  1.339E+00 
6.855E+00   4.979E+01  1.331E+00 
6.912E+00   4.999E+01  1.324E+00 
6.969E+00   5.018E+01  1.317E+00 
7.028E+00   5.037E+01  1.309E+00 
7.086E+00   5.057E+01  1.302E+00 
7.145E+00   5.076E+01  1.295E+00 
7.205E+00   5.096E+01  1.287E+00 
7.265E+00   5.115E+01  1.280E+00 
7.325E+00   5.135E+01  1.273E+00 
7.386E+00   5.154E+01  1.266E+00 
7.448E+00   5.174E+01  1.259E+00 
7.510E+00   5.194E+01  1.252E+00 
7.573E+00   5.214E+01  1.245E+00 
7.636E+00   5.234E+01  1.238E+00 
7.700E+00   5.255E+01  1.231E+00 
7.764E+00   5.275E+01  1.224E+00 
7.828E+00   5.295E+01  1.217E+00 
7.894E+00   5.315E+01  1.210E+00 
7.960E+00   5.336E+01  1.203E+00 
8.026E+00   5.356E+01  1.197E+00 
8.093E+00   5.377E+01  1.190E+00 
8.160E+00   5.397E+01  1.183E+00 
8.228E+00   5.418E+01  1.177E+00 
8.297E+00   5.438E+01  1.170E+00 
8.366E+00   5.459E+01  1.163E+00 
8.436E+00   5.480E+01  1.157E+00 
8.506E+00   5.501E+01  1.150E+00 
8.577E+00   5.522E+01  1.144E+00 
8.649E+00   5.543E+01  1.137E+00 
8.721E+00   5.564E+01  1.130E+00 
8.793E+00   5.585E+01  1.124E+00 
8.867E+00   5.607E+01  1.118E+00 
8.941E+00   5.628E+01  1.111E+00 
9.015E+00   5.649E+01  1.105E+00 
9.090E+00   5.671E+01  1.099E+00 
9.166E+00   5.693E+01  1.092E+00 
9.242E+00   5.714E+01  1.086E+00 
9.320E+00   5.736E+01  1.080E+00 
9.397E+00   5.758E+01  1.074E+00 
9.476E+00   5.780E+01  1.067E+00 
9.555E+00   5.801E+01  1.061E+00 
9.634E+00   5.823E+01  1.055E+00 
9.715E+00   5.845E+01  1.049E+00 
9.796E+00   5.868E+01  1.043E+00 
9.877E+00   5.890E+01  1.037E+00 
9.960E+00   5.912E+01  1.031E+00 
1.004E+01   5.934E+01  1.025E+00 
1.013E+01   5.956E+01  1.019E+00 
1.021E+01   5.979E+01  1.013E+00 
1.030E+01   6.001E+01  1.007E+00 
1.038E+01   6.024E+01  1.001E+00 
1.047E+01   6.047E+01  9.955E-01 
1.056E+01   6.069E+01  9.897E-01 
1.064E+01   6.092E+01  9.839E-01 
1.073E+01   6.115E+01  9.782E-01 
1.082E+01   6.138E+01  9.724E-01 
1.091E+01   6.161E+01  9.668E-01 
1.100E+01   6.184E+01  9.611E-01 
1.110E+01   6.207E+01  9.555E-01 
1.119E+01   6.230E+01  9.499E-01 
1.128E+01   6.253E+01  9.443E-01 
1.137E+01   6.276E+01  9.388E-01 
1.147E+01   6.300E+01  9.333E-01 
1.157E+01   6.323E+01  9.277E-01 
1.166E+01   6.346E+01  9.223E-01 
1.176E+01   6.370E+01  9.168E-01 
1.186E+01   6.394E+01  9.114E-01 
1.196E+01   6.417E+01  9.061E-01 
1.206E+01   6.441E+01  9.007E-01 
1.216E+01   6.465E+01  8.954E-01 
1.226E+01   6.488E+01  8.901E-01 
1.236E+01   6.512E+01  8.848E-01 
1.246E+01   6.536E+01  8.796E-01 
1.257E+01   6.560E+01  8.743E-01 
1.267E+01   6.584E+01  8.691E-01 
1.278E+01   6.608E+01  8.640E-01 
1.288E+01   6.632E+01  8.588E-01 
1.299E+01   6.657E+01  8.537E-01 
1.310E+01   6.681E+01  8.486E-01 
1.321E+01   6.705E+01  8.436E-01 
1.332E+01   6.730E+01  8.385E-01 
1.343E+01   6.754E+01  8.335E-01 
1.354E+01   6.778E+01  8.285E-01 
1.365E+01   6.803E+01  8.236E-01 
1.377E+01   6.828E+01  8.186E-01 
1.388E+01   6.852E+01  8.138E-01 
1.400E+01   6.877E+01  8.089E-01 
1.412E+01   6.902E+01  8.040E-01 
1.423E+01   6.926E+01  7.992E-01 
1.435E+01   6.951E+01  7.944E-01 
1.447E+01   6.976E+01  7.896E-01 
1.459E+01   7.001E+01  7.848E-01 
1.471E+01   7.026E+01  7.801E-01 
1.484E+01   7.051E+01  7.754E-01 
1.496E+01   7.076E+01  7.707E-01 
1.508E+01   7.101E+01  7.310E-01 
1.521E+01   7.126E+01  7.266E-01 
1.534E+01   7.151E+01  7.222E-01 
1.547E+01   7.176E+01  7.179E-01 
1.559E+01   7.202E+01  7.136E-01 
1.572E+01   7.227E+01  7.093E-01 
1.586E+01   7.252E+01  7.051E-01 
1.599E+01   7.278E+01  7.008E-01 
1.612E+01   7.303E+01  6.966E-01 
1.626E+01   7.328E+01  6.924E-01 
1.639E+01   7.354E+01  6.883E-01 
1.653E+01   7.379E+01  6.841E-01 
1.666E+01   7.405E+01  6.800E-01 
1.680E+01   7.430E+01  6.759E-01 
1.694E+01   7.456E+01  6.718E-01 
1.709E+01   7.482E+01  6.677E-01 
1.723E+01   7.507E+01  6.637E-01 
1.737E+01   7.533E+01  6.597E-01 
1.752E+01   7.559E+01  6.557E-01 
1.766E+01   7.584E+01  6.517E-01 
1.781E+01   7.610E+01  6.478E-01 
1.796E+01   7.636E+01  6.438E-01 
1.811E+01   7.662E+01  6.399E-01 
1.826E+01   7.688E+01  6.360E-01 
1.841E+01   7.713E+01  6.322E-01 
1.856E+01   7.739E+01  6.283E-01 
1.872E+01   7.765E+01  6.245E-01 
1.888E+01   7.791E+01  6.206E-01 
1.903E+01   7.817E+01  6.169E-01 
1.919E+01   7.843E+01  6.131E-01 
1.935E+01   7.869E+01  6.093E-01 
1.951E+01   7.895E+01  6.056E-01 
1.968E+01   7.921E+01  6.019E-01 
1.984E+01   7.947E+01  5.982E-01 
2.000E+01   7.973E+01  5.946E-01 
2.017E+01   7.999E+01  5.909E-01 
2.034E+01   8.025E+01  5.873E-01 
2.051E+01   8.051E+01  5.702E-01 
2.068E+01   8.077E+01  5.667E-01 
2.085E+01   8.103E+01  5.632E-01 
2.103E+01   8.129E+01  5.598E-01 
2.120E+01   8.155E+01  5.564E-01 
2.138E+01   8.181E+01  5.529E-01 
2.156E+01   8.207E+01  5.495E-01 
2.174E+01   8.233E+01  5.462E-01 
2.192E+01   8.259E+01  5.428E-01 
2.210E+01   8.285E+01  5.395E-01 
2.228E+01   8.311E+01  5.362E-01 
2.247E+01   8.337E+01  5.328E-01 
2.266E+01   8.363E+01  5.296E-01 
2.285E+01   8.389E+01  5.263E-01 
2.304E+01   8.415E+01  5.231E-01 
2.323E+01   8.441E+01  5.198E-01 
2.342E+01   8.467E+01  5.166E-01 
2.362E+01   8.493E+01  5.134E-01 
2.381E+01   8.519E+01  5.102E-01 
2.401E+01   8.545E+01  5.071E-01 
2.421E+01   8.571E+01  5.039E-01 
2.442E+01   8.596E+01  5.008E-01 
2.462E+01   8.622E+01  4.977E-01 
2.482E+01   8.648E+01  4.946E-01 
2.503E+01   8.674E+01  4.915E-01 
2.524E+01   8.700E+01  4.885E-01 
2.545E+01   8.725E+01  4.854E-01 
2.566E+01   8.751E+01  4.824E-01 
2.588E+01   8.777E+01  4.794E-01 
2.609E+01   8.802E+01  4.764E-01 
2.631E+01   8.828E+01  4.734E-01 
2.653E+01   8.853E+01  4.705E-01 
2.675E+01   8.879E+01  4.675E-01 
2.697E+01   8.904E+01  4.646E-01 
2.720E+01   8.930E+01  4.617E-01 
2.742E+01   8.955E+01  4.588E-01 
2.765E+01   8.981E+01  4.559E-01 
2.788E+01   9.006E+01  4.531E-01 
2.812E+01   9.031E+01  4.502E-01 
2.835E+01   9.057E+01  4.474E-01 
2.859E+01   9.082E+01  4.446E-01 
2.883E+01   9.107E+01  4.418E-01 
2.907E+01   9.132E+01  4.390E-01 
2.931E+01   9.157E+01  4.362E-01 
2.955E+01   9.182E+01  4.335E-01 
2.980E+01   9.207E+01  4.308E-01 
3.005E+01   9.232E+01  4.280E-01 
3.030E+01   9.257E+01  4.253E-01 
3.055E+01   9.281E+01  4.226E-01 
3.080E+01   9.306E+01  4.200E-01 
3.106E+01   9.331E+01  4.173E-01 
3.132E+01   9.355E+01  4.147E-01 
3.158E+01   9.380E+01  4.121E-01 
3.184E+01   9.404E+01  4.095E-01 
3.211E+01   9.428E+01  4.069E-01 
3.238E+01   9.453E+01  4.043E-01 
3.265E+01   9.477E+01  4.017E-01 
3.292E+01   9.501E+01  3.992E-01 
3.319E+01   9.525E+01  3.966E-01 
3.347E+01   9.549E+01  3.941E-01 
3.375E+01   9.573E+01  3.916E-01 
3.403E+01   9.596E+01  3.891E-01 
3.432E+01   9.620E+01  3.866E-01 
3.460E+01   9.644E+01  3.842E-01 
3.489E+01   9.667E+01  3.817E-01 
3.518E+01   9.691E+01  3.793E-01 
3.547E+01   9.714E+01  3.769E-01 
3.577E+01   9.737E+01  3.745E-01 
3.607E+01   9.760E+01  3.721E-01 
3.637E+01   9.783E+01  3.697E-01 
3.667E+01   9.806E+01  3.673E-01 
3.698E+01   9.829E+01  3.650E-01 
3.729E+01   9.852E+01  3.626E-01 
3.760E+01   9.874E+01  3.603E-01 
3.791E+01   9.897E+01  3.580E-01 
3.823E+01   9.919E+01  3.557E-01 
3.855E+01   9.941E+01  3.534E-01 
3.887E+01   9.964E+01  3.512E-01 
3.919E+01   9.986E+01  3.489E-01 
3.952E+01   1.001E+02  3.467E-01 
3.985E+01   1.003E+02  3.444E-01 
4.018E+01   1.005E+02  3.422E-01 
4.051E+01   1.007E+02  3.400E-01 
4.085E+01   1.009E+02  3.378E-01 
4.119E+01   1.011E+02  3.356E-01 
4.154E+01   1.014E+02  3.335E-01 
4.188E+01   1.016E+02  3.313E-01 
4.223E+01   1.018E+02  3.292E-01 
4.258E+01   1.020E+02  3.271E-01 
4.294E+01   1.022E+02  3.249E-01 
4.330E+01   1.024E+02  3.228E-01 
4.366E+01   1.026E+02  3.208E-01 
4.402E+01   1.028E+02  3.187E-01 
4.439E+01   1.030E+02  3.166E-01 
4.476E+01   1.032E+02  3.146E-01 
4.513E+01   1.034E+02  3.125E-01 
4.551E+01   1.036E+02  3.105E-01 
4.589E+01   1.038E+02  3.085E-01 
4.627E+01   1.040E+02  3.065E-01 
4.666E+01   1.041E+02  3.045E-01 
4.704E+01   1.043E+02  3.025E-01 
4.744E+01   1.045E+02  3.005E-01 
4.783E+01   1.047E+02  2.986E-01 
4.823E+01   1.049E+02  2.967E-01 
4.863E+01   1.051E+02  2.947E-01 
4.904E+01   1.052E+02  2.928E-01 
4.945E+01   1.054E+02  2.909E-01 
4.986E+01   1.056E+02  2.890E-01 
5.027E+01   1.058E+02  2.871E-01 
5.069E+01   1.059E+02  2.852E-01 
5.112E+01   1.061E+02  2.834E-01 
5.154E+01   1.063E+02  2.815E-01 
5.197E+01   1.064E+02  2.797E-01 
5.241E+01   1.066E+02  2.779E-01 
5.284E+01   1.067E+02  2.760E-01 
5.328E+01   1.069E+02  2.742E-01 
5.373E+01   1.070E+02  2.724E-01 
5.418E+01   1.072E+02  2.707E-01 
5.463E+01   1.073E+02  2.689E-01 
5.508E+01   1.075E+02  2.671E-01 
5.554E+01   1.076E+02  2.654E-01 
5.600E+01   1.078E+02  2.636E-01 
5.647E+01   1.079E+02  2.619E-01 
5.694E+01   1.080E+02  2.602E-01 
5.742E+01   1.082E+02  2.585E-01 
5.790E+01   1.083E+02  2.568E-01 
5.838E+01   1.084E+02  2.551E-01 
5.886E+01   1.085E+02  2.534E-01 
5.936E+01   1.087E+02  2.517E-01 
5.985E+01   1.088E+02  2.501E-01 
6.035E+01   1.089E+02  2.484E-01 
6.085E+01   1.090E+02  2.468E-01 
6.136E+01   1.091E+02  2.452E-01 
6.187E+01   1.092E+02  2.436E-01 
6.239E+01   1.093E+02  2.419E-01 
6.291E+01   1.094E+02  2.403E-01 
6.343E+01   1.095E+02  2.388E-01 
6.396E+01   1.096E+02  2.372E-01 
6.449E+01   1.097E+02  2.356E-01 
6.503E+01   1.098E+02  2.341E-01 
6.557E+01   1.098E+02  2.325E-01 
6.612E+01   1.099E+02  2.310E-01 
6.667E+01   1.100E+02  2.294E-01 
6.723E+01   1.101E+02  2.279E-01 
6.779E+01   1.101E+02  2.264E-01 
6.835E+01   1.102E+02  2.249E-01 
6.892E+01   1.103E+02  2.234E-01 
6.950E+01   1.103E+02  2.219E-01 
7.008E+01   1.104E+02  2.205E-01 
7.066E+01   1.104E+02  2.190E-01 
7.125E+01   1.105E+02  2.175E-01 
7.184E+01   1.105E+02  2.161E-01 
7.244E+01   1.105E+02  2.147E-01 
7.305E+01   1.106E+02  2.132E-01 
7.366E+01   1.106E+02  2.118E-01 
7.427E+01   1.106E+02  2.104E-01 
7.489E+01   1.106E+02  2.090E-01 
7.551E+01   1.107E+02  2.076E-01 
7.614E+01   1.107E+02  2.062E-01 
7.678E+01   1.107E+02  2.049E-01 
7.742E+01   1.107E+02  2.035E-01 
7.806E+01   1.107E+02  2.021E-01 
7.871E+01   1.107E+02  2.008E-01 
7.937E+01   1.107E+02  1.994E-01 
8.003E+01   1.107E+02  1.981E-01 
8.070E+01   1.106E+02  1.968E-01 
8.137E+01   1.106E+02  1.955E-01 
8.205E+01   1.106E+02  1.942E-01 
8.273E+01   1.106E+02  1.929E-01 
8.342E+01   1.105E+02  1.916E-01 
8.412E+01   1.105E+02  1.903E-01 
8.482E+01   1.105E+02  1.890E-01 
8.553E+01   1.104E+02  1.878E-01 
8.624E+01   1.104E+02  1.865E-01 
8.696E+01   1.103E+02  1.852E-01 
8.769E+01   1.103E+02  1.840E-01 
8.842E+01   1.102E+02  1.828E-01 
8.915E+01   1.101E+02  1.815E-01 
8.990E+01   1.100E+02  1.803E-01 
9.065E+01   1.100E+02  1.791E-01 
9.140E+01   1.099E+02  1.779E-01 
9.216E+01   1.098E+02  1.767E-01 
9.293E+01   1.097E+02  1.755E-01 
9.371E+01   1.096E+02  1.743E-01 
9.449E+01   1.095E+02  1.732E-01 
9.528E+01   1.094E+02  1.720E-01 
9.607E+01   1.093E+02  1.709E-01 
9.687E+01   1.092E+02  1.697E-01 
9.768E+01   1.091E+02  1.686E-01 
9.849E+01   1.090E+02  1.674E-01 
9.931E+01   1.088E+02  1.663E-01 
1.001E+02   1.087E+02  1.652E-01 
1.010E+02   1.086E+02  1.641E-01 
1.018E+02   1.084E+02  1.630E-01 
1.027E+02   1.083E+02  1.619E-01 
1.035E+02   1.081E+02  1.608E-01 
1.044E+02   1.080E+02  1.597E-01 
1.053E+02   1.078E+02  1.586E-01 
1.061E+02   1.077E+02  1.575E-01 
1.070E+02   1.075E+02  1.565E-01 
1.079E+02   1.074E+02  1.554E-01 
1.088E+02   1.072E+02  1.543E-01 
1.097E+02   1.070E+02  1.533E-01 
1.106E+02   1.068E+02  1.523E-01 
1.116E+02   1.066E+02  1.512E-01 
1.125E+02   1.065E+02  1.502E-01 
1.134E+02   1.063E+02  1.492E-01 
1.144E+02   1.061E+02  1.482E-01 
1.153E+02   1.059E+02  1.472E-01 
1.163E+02   1.057E+02  1.462E-01 
1.173E+02   1.055E+02  1.452E-01 
1.182E+02   1.052E+02  1.442E-01 
1.192E+02   1.050E+02  1.432E-01 
1.202E+02   1.048E+02  1.422E-01 
1.212E+02   1.046E+02  1.413E-01 
1.222E+02   1.044E+02  1.403E-01 
1.232E+02   1.041E+02  1.394E-01 
1.243E+02   1.039E+02  1.384E-01 
1.253E+02   1.037E+02  1.375E-01 
1.264E+02   1.034E+02  1.365E-01 
1.274E+02   1.032E+02  1.356E-01 
1.285E+02   1.029E+02  1.347E-01 
1.295E+02   1.027E+02  1.338E-01 
1.306E+02   1.024E+02  1.329E-01 
1.317E+02   1.022E+02  1.319E-01 
1.328E+02   1.019E+02  1.310E-01 
1.339E+02   1.016E+02  1.302E-01 
1.350E+02   1.014E+02  1.293E-01 
1.362E+02   1.011E+02  1.284E-01 
1.373E+02   1.008E+02  1.275E-01 
1.384E+02   1.006E+02  1.266E-01 
1.396E+02   1.003E+02  1.258E-01 
1.408E+02   1.000E+02  1.249E-01 
1.419E+02   9.971E+01  1.241E-01 
1.431E+02   9.943E+01  1.232E-01 
1.443E+02   9.914E+01  1.224E-01 
1.455E+02   9.885E+01  1.215E-01 
1.467E+02   9.855E+01  1.207E-01 
1.479E+02   9.825E+01  1.199E-01 
1.492E+02   9.796E+01  1.190E-01 
1.504E+02   9.765E+01  1.182E-01 
1.517E+02   9.735E+01  1.174E-01 
1.529E+02   9.704E+01  1.166E-01 
1.542E+02   9.674E+01  1.158E-01 
1.555E+02   9.642E+01  1.150E-01 
1.568E+02   9.611E+01  1.142E-01 
1.581E+02   9.580E+01  1.135E-01 
1.594E+02   9.548E+01  1.127E-01 
1.607E+02   9.516E+01  1.119E-01 
1.621E+02   9.484E+01  1.111E-01 
1.634E+02   9.452E+01  1.104E-01 
1.648E+02   9.420E+01  1.096E-01 
1.662E+02   9.387E+01  1.089E-01 
1.676E+02   9.354E+01  1.081E-01 
1.690E+02   9.322E+01  1.074E-01 
1.704E+02   9.289E+01  1.066E-01 
1.718E+02   9.255E+01  1.059E-01 
1.732E+02   9.222E+01  1.052E-01 
1.747E+02   9.189E+01  1.044E-01 
1.761E+02   9.155E+01  1.037E-01 
1.776E+02   9.121E+01  1.030E-01 
1.791E+02   9.088E+01  1.023E-01 
1.806E+02   9.054E+01  1.016E-01 
1.821E+02   9.020E+01  1.009E-01 
1.836E+02   8.985E+01  1.002E-01 
1.851E+02   8.951E+01  9.950E-02 
1.867E+02   8.917E+01  9.881E-02 
1.882E+02   8.882E+01  9.813E-02 
1.898E+02   8.848E+01  9.745E-02 
1.914E+02   8.813E+01  9.678E-02 
1.930E+02   8.779E+01  9.611E-02 
1.946E+02   8.744E+01  9.545E-02 
1.962E+02   8.709E+01  9.479E-02 
1.978E+02   8.674E+01  9.413E-02 
1.995E+02   8.639E+01  9.348E-02 
2.011E+02   8.604E+01  9.283E-02 
2.028E+02   8.569E+01  9.219E-02 
2.045E+02   8.534E+01  9.155E-02 
2.062E+02   8.499E+01  9.092E-02 
2.079E+02   8.464E+01  9.029E-02 
2.097E+02   8.429E+01  8.966E-02 
2.114E+02   8.394E+01  8.904E-02 
2.132E+02   8.358E+01  8.843E-02 
2.150E+02   8.323E+01  8.781E-02 
2.167E+02   8.288E+01  8.720E-02 
2.185E+02   8.253E+01  8.660E-02 
2.204E+02   8.217E+01  8.600E-02 
2.222E+02   8.182E+01  8.540E-02 
2.241E+02   8.147E+01  8.481E-02 
2.259E+02   8.112E+01  8.422E-02 
2.278E+02   8.076E+01  8.363E-02 
2.297E+02   8.041E+01  8.305E-02 
2.316E+02   8.006E+01  8.248E-02 
2.336E+02   7.971E+01  8.190E-02 
2.355E+02   7.936E+01  8.133E-02 
2.375E+02   7.900E+01  8.077E-02 
2.394E+02   7.865E+01  8.021E-02 
2.414E+02   7.830E+01  7.965E-02 
2.435E+02   7.795E+01  7.909E-02 
2.455E+02   7.760E+01  7.854E-02 
2.475E+02   7.725E+01  7.800E-02 
2.496E+02   7.690E+01  7.745E-02 
2.517E+02   7.655E+01  7.691E-02 
2.538E+02   7.621E+01  7.638E-02 
2.559E+02   7.586E+01  7.585E-02 
2.580E+02   7.551E+01  7.532E-02 
2.602E+02   7.516E+01  7.479E-02 
2.623E+02   7.482E+01  7.427E-02 
2.645E+02   7.447E+01  7.375E-02 
2.667E+02   7.413E+01  7.324E-02 
2.690E+02   7.378E+01  7.273E-02 
2.712E+02   7.344E+01  7.222E-02 
2.735E+02   7.310E+01  7.171E-02 
2.757E+02   7.276E+01  7.121E-02 
2.780E+02   7.241E+01  7.072E-02 
2.804E+02   7.207E+01  7.022E-02 
2.827E+02   7.173E+01  6.973E-02 
2.851E+02   7.140E+01  6.924E-02 
2.874E+02   7.106E+01  6.876E-02 
2.898E+02   7.072E+01  6.828E-02 
2.922E+02   7.038E+01  6.780E-02 
2.947E+02   7.005E+01  6.733E-02 
2.971E+02   6.971E+01  6.685E-02 
2.996E+02   6.938E+01  6.639E-02 
3.021E+02   6.905E+01  6.592E-02 
3.046E+02   6.872E+01  6.546E-02 
3.072E+02   6.839E+01  6.500E-02 
3.097E+02   6.806E+01  6.455E-02 
3.123E+02   6.773E+01  6.409E-02 
3.149E+02   6.740E+01  6.364E-02 
3.175E+02   6.707E+01  6.320E-02 
3.202E+02   6.675E+01  6.275E-02 
3.229E+02   6.642E+01  6.231E-02 
3.256E+02   6.610E+01  6.188E-02 
3.283E+02   6.577E+01  6.144E-02 
3.310E+02   6.545E+01  6.101E-02 
3.338E+02   6.513E+01  6.058E-02 
3.365E+02   6.481E+01  6.016E-02 
3.394E+02   6.449E+01  5.973E-02 
3.422E+02   6.418E+01  5.932E-02 
3.450E+02   6.386E+01  5.890E-02 
3.479E+02   6.354E+01  5.848E-02 
3.508E+02   6.323E+01  5.807E-02 
3.537E+02   6.292E+01  5.766E-02 
3.567E+02   6.261E+01  5.726E-02 
3.597E+02   6.230E+01  5.686E-02 
3.627E+02   6.199E+01  5.646E-02 
3.657E+02   6.168E+01  5.606E-02 
3.687E+02   6.137E+01  5.566E-02 
3.718E+02   6.106E+01  5.527E-02 
3.749E+02   6.076E+01  5.488E-02 
3.780E+02   6.045E+01  5.450E-02 
3.812E+02   6.015E+01  5.411E-02 
3.844E+02   5.985E+01  5.373E-02 
3.876E+02   5.955E+01  5.335E-02 
3.908E+02   5.925E+01  5.298E-02 
3.940E+02   5.895E+01  5.260E-02 
3.973E+02   5.866E+01  5.223E-02 
4.006E+02   5.836E+01  5.186E-02 
4.040E+02   5.807E+01  5.150E-02 
4.074E+02   5.777E+01  5.113E-02 
4.108E+02   5.748E+01  5.077E-02 
4.142E+02   5.719E+01  5.041E-02 
4.176E+02   5.690E+01  5.006E-02 
4.211E+02   5.661E+01  4.970E-02 
4.246E+02   5.632E+01  4.935E-02 
4.282E+02   5.604E+01  4.900E-02 
4.317E+02   5.575E+01  4.866E-02 
4.353E+02   5.547E+01  4.831E-02 
4.390E+02   5.519E+01  4.797E-02 
4.426E+02   5.491E+01  4.763E-02 
4.463E+02   5.463E+01  4.730E-02 
4.500E+02   5.435E+01  4.696E-02 
4.538E+02   5.407E+01  4.663E-02 
4.576E+02   5.379E+01  4.630E-02 
4.614E+02   5.352E+01  4.597E-02 
4.652E+02   5.324E+01  4.565E-02 
4.691E+02   5.297E+01  4.532E-02 
4.730E+02   5.270E+01  4.500E-02 
4.770E+02   5.243E+01  4.468E-02 
4.809E+02   5.216E+01  4.437E-02 
4.849E+02   5.189E+01  4.405E-02 
4.890E+02   5.162E+01  4.374E-02 
4.931E+02   5.136E+01  4.343E-02 
4.972E+02   5.109E+01  4.312E-02 
5.013E+02   5.083E+01  4.281E-02 
5.055E+02   5.057E+01  4.251E-02 
5.097E+02   5.031E+01  4.221E-02 
5.140E+02   5.005E+01  4.191E-02 
5.182E+02   4.979E+01  4.161E-02 
5.226E+02   4.953E+01  4.132E-02 
5.269E+02   4.927E+01  4.102E-02 
5.313E+02   4.902E+01  4.073E-02 
5.357E+02   4.876E+01  4.044E-02 
5.402E+02   4.851E+01  4.015E-02 
5.447E+02   4.826E+01  3.987E-02 
5.493E+02   4.801E+01  3.959E-02 
5.538E+02   4.776E+01  3.930E-02 
5.585E+02   4.751E+01  3.902E-02 
5.631E+02   4.726E+01  3.875E-02 
5.678E+02   4.702E+01  3.847E-02 
5.725E+02   4.677E+01  3.820E-02 
5.773E+02   4.653E+01  3.793E-02 
5.821E+02   4.629E+01  3.766E-02 
5.870E+02   4.605E+01  3.739E-02 
5.919E+02   4.580E+01  3.712E-02 
5.968E+02   4.557E+01  3.686E-02 
6.018E+02   4.533E+01  3.659E-02 
6.068E+02   4.509E+01  3.633E-02 
6.119E+02   4.486E+01  3.607E-02 
6.170E+02   4.462E+01  3.582E-02 
6.221E+02   4.439E+01  3.556E-02 
6.273E+02   4.416E+01  3.531E-02 
6.325E+02   4.392E+01  3.506E-02 
6.378E+02   4.369E+01  3.481E-02 
6.431E+02   4.347E+01  3.456E-02 
6.485E+02   4.324E+01  3.431E-02 
6.539E+02   4.301E+01  3.407E-02 
6.593E+02   4.279E+01  3.382E-02 
6.648E+02   4.256E+01  3.358E-02 
6.704E+02   4.234E+01  3.334E-02 
6.760E+02   4.212E+01  3.310E-02 
6.816E+02   4.189E+01  3.287E-02 
6.873E+02   4.167E+01  3.263E-02 
6.930E+02   4.146E+01  3.240E-02 
6.988E+02   4.124E+01  3.217E-02 
7.046E+02   4.102E+01  3.194E-02 
7.105E+02   4.080E+01  3.171E-02 
7.164E+02   4.059E+01  3.148E-02 
7.224E+02   4.038E+01  3.126E-02 
7.284E+02   4.016E+01  3.103E-02 
7.345E+02   3.995E+01  3.081E-02 
7.406E+02   3.974E+01  3.059E-02 
7.468E+02   3.953E+01  3.037E-02 
7.530E+02   3.933E+01  3.016E-02 
7.593E+02   3.912E+01  2.994E-02 
7.656E+02   3.891E+01  2.973E-02 
7.720E+02   3.871E+01  2.951E-02 
7.784E+02   3.850E+01  2.930E-02 
7.849E+02   3.830E+01  2.909E-02 
7.915E+02   3.810E+01  2.888E-02 
7.981E+02   3.790E+01  2.868E-02 
8.047E+02   3.770E+01  2.847E-02 
8.114E+02   3.750E+01  2.827E-02 
8.182E+02   3.731E+01  2.806E-02 
8.250E+02   3.711E+01  2.786E-02 
8.319E+02   3.691E+01  2.766E-02 
8.388E+02   3.672E+01  2.746E-02 
8.458E+02   3.653E+01  2.727E-02 
8.529E+02   3.633E+01  2.707E-02 
8.600E+02   3.614E+01  2.688E-02 
8.671E+02   3.595E+01  2.668E-02 
8.744E+02   3.577E+01  2.649E-02 
8.817E+02   3.558E+01  2.630E-02 
8.890E+02   3.539E+01  2.611E-02 
8.964E+02   3.520E+01  2.593E-02 
9.039E+02   3.502E+01  2.574E-02 
9.114E+02   3.484E+01  2.555E-02 
9.190E+02   3.465E+01  2.537E-02 
9.267E+02   3.447E+01  2.519E-02 
9.344E+02   3.429E+01  2.501E-02 
9.422E+02   3.411E+01  2.483E-02 
9.501E+02   3.393E+01  2.465E-02 
9.580E+02   3.376E+01  2.447E-02 
9.660E+02   3.358E+01  2.430E-02 
9.740E+02   3.340E+01  2.412E-02 
9.821E+02   3.323E+01  2.395E-02 
9.903E+02   3.306E+01  2.377E-02 
9.986E+02   3.288E+01  2.360E-02 
1.007E+03   3.271E+01  2.343E-02 
1.015E+03   3.258E+01  2.326E-02 
1.024E+03   3.244E+01  2.310E-02 
1.032E+03   3.231E+01  2.293E-02 
1.041E+03   3.218E+01  2.277E-02 
1.050E+03   3.205E+01  2.260E-02 
1.058E+03   3.191E+01  2.244E-02 
1.067E+03   3.177E+01  2.228E-02 
1.076E+03   3.164E+01  2.212E-02 
1.085E+03   3.150E+01  2.196E-02 
1.094E+03   3.136E+01  2.180E-02 
1.103E+03   3.122E+01  2.164E-02 
1.112E+03   3.107E+01  2.149E-02 
1.122E+03   3.093E+01  2.133E-02 
1.131E+03   3.079E+01  2.118E-02 
1.140E+03   3.064E+01  2.102E-02 
1.150E+03   3.049E+01  2.087E-02 
1.160E+03   3.034E+01  2.072E-02 
1.169E+03   3.019E+01  2.057E-02 
1.179E+03   3.004E+01  2.042E-02 
1.189E+03   2.989E+01  2.028E-02 
1.199E+03   2.974E+01  2.013E-02 
1.209E+03   2.958E+01  1.998E-02 
1.219E+03   2.942E+01  1.984E-02 
1.229E+03   2.925E+01  1.970E-02 
1.239E+03   2.909E+01  1.955E-02 
1.250E+03   2.892E+01  1.941E-02 
1.260E+03   2.876E+01  1.927E-02 
1.270E+03   2.860E+01  1.913E-02 
1.281E+03   2.844E+01  1.899E-02 
1.292E+03   2.828E+01  1.886E-02 
1.302E+03   2.812E+01  1.872E-02 
1.313E+03   2.796E+01  1.858E-02 
1.324E+03   2.780E+01  1.845E-02 
1.335E+03   2.764E+01  1.832E-02 
1.346E+03   2.749E+01  1.818E-02 
1.358E+03   2.733E+01  1.805E-02 
1.369E+03   2.718E+01  1.792E-02 
1.380E+03   2.702E+01  1.779E-02 
1.392E+03   2.687E+01  1.766E-02 
1.404E+03   2.671E+01  1.753E-02 
1.415E+03   2.656E+01  1.741E-02 
1.427E+03   2.641E+01  1.728E-02 
1.439E+03   2.626E+01  1.716E-02 
1.451E+03   2.611E+01  1.703E-02 
1.463E+03   2.596E+01  1.691E-02 
1.475E+03   2.581E+01  1.679E-02 
1.487E+03   2.566E+01  1.666E-02 
1.500E+03   2.552E+01  1.654E-02 
1.512E+03   2.537E+01  1.642E-02 
1.525E+03   2.522E+01  1.630E-02 
1.538E+03   2.508E+01  1.619E-02 
1.551E+03   2.493E+01  1.607E-02 
1.563E+03   2.479E+01  1.595E-02 
1.577E+03   2.464E+01  1.584E-02 
1.590E+03   2.450E+01  1.572E-02 
1.603E+03   2.436E+01  1.561E-02 
1.616E+03   2.421E+01  1.549E-02 
1.630E+03   2.407E+01  1.538E-02 
1.643E+03   2.393E+01  1.527E-02 
1.657E+03   2.379E+01  1.516E-02 
1.671E+03   2.365E+01  1.505E-02 
1.685E+03   2.351E+01  1.494E-02 
1.699E+03   2.337E+01  1.483E-02 
1.713E+03   2.324E+01  1.472E-02 
1.727E+03   2.310E+01  1.462E-02 
1.742E+03   2.296E+01  1.451E-02 
1.756E+03   2.283E+01  1.440E-02 
1.771E+03   2.269E+01  1.430E-02 
1.786E+03   2.256E+01  1.419E-02 
1.800E+03   2.242E+01  1.409E-02 
1.815E+03   2.229E+01  1.399E-02 
1.831E+03   2.215E+01  1.389E-02 
1.846E+03   2.202E+01  1.379E-02 
1.861E+03   2.189E+01  1.369E-02 
1.877E+03   2.176E+01  1.359E-02 
1.892E+03   2.163E+01  1.349E-02 
1.908E+03   2.150E+01  1.339E-02 
1.924E+03   2.137E+01  1.329E-02 
1.940E+03   2.124E+01  1.319E-02 
1.956E+03   2.111E+01  1.310E-02 
1.973E+03   2.098E+01  1.300E-02 
1.989E+03   2.086E+01  1.291E-02 
2.006E+03   2.073E+01  1.281E-02 
2.022E+03   2.060E+01  1.272E-02 
2.039E+03   2.048E+01  1.263E-02 
2.056E+03   2.035E+01  1.254E-02 
2.073E+03   2.023E+01  1.244E-02 
2.091E+03   2.011E+01  1.235E-02 
2.108E+03   1.998E+01  1.226E-02 
2.126E+03   1.986E+01  1.217E-02 
2.143E+03   1.974E+01  1.209E-02 
2.161E+03   1.962E+01  1.200E-02 
2.179E+03   1.950E+01  1.191E-02 
2.197E+03   1.938E+01  1.182E-02 
2.216E+03   1.926E+01  1.174E-02 
2.234E+03   1.914E+01  1.165E-02 
2.253E+03   1.902E+01  1.157E-02 
2.272E+03   1.891E+01  1.148E-02 
2.291E+03   1.879E+01  1.140E-02 
2.310E+03   1.868E+01  1.131E-02 
2.329E+03   1.856E+01  1.123E-02 
2.348E+03   1.845E+01  1.115E-02 
2.368E+03   1.833E+01  1.107E-02 
2.388E+03   1.822E+01  1.099E-02 
2.408E+03   1.810E+01  1.091E-02 
2.428E+03   1.799E+01  1.083E-02 
2.448E+03   1.788E+01  1.075E-02 
2.468E+03   1.777E+01  1.067E-02 
2.489E+03   1.766E+01  1.059E-02 
2.510E+03   1.755E+01  1.051E-02 
2.531E+03   1.744E+01  1.044E-02 
2.552E+03   1.733E+01  1.036E-02 
2.573E+03   1.722E+01  1.029E-02 
2.594E+03   1.712E+01  1.021E-02 
2.616E+03   1.701E+01  1.014E-02 
2.638E+03   1.690E+01  1.006E-02 
2.660E+03   1.680E+01  9.987E-03 
2.682E+03   1.669E+01  9.914E-03 
2.704E+03   1.659E+01  9.842E-03 
2.727E+03   1.649E+01  9.770E-03 
2.750E+03   1.638E+01  9.698E-03 
2.773E+03   1.628E+01  9.627E-03 
2.796E+03   1.618E+01  9.556E-03 
2.819E+03   1.608E+01  9.486E-03 
2.842E+03   1.597E+01  9.417E-03 
2.866E+03   1.587E+01  9.348E-03 
2.890E+03   1.577E+01  9.279E-03 
2.914E+03   1.568E+01  9.211E-03 
2.938E+03   1.558E+01  9.144E-03 
2.963E+03   1.548E+01  9.077E-03 
2.988E+03   1.538E+01  9.010E-03 
3.013E+03   1.528E+01  8.944E-03 
3.038E+03   1.519E+01  8.879E-03 
3.063E+03   1.509E+01  8.813E-03 
3.089E+03   1.500E+01  8.749E-03 
3.114E+03   1.490E+01  8.685E-03 
3.140E+03   1.481E+01  8.621E-03 
3.166E+03   1.471E+01  8.558E-03 
3.193E+03   1.462E+01  8.495E-03 
3.219E+03   1.453E+01  8.432E-03 
3.246E+03   1.444E+01  8.371E-03 
3.273E+03   1.435E+01  8.309E-03 
3.301E+03   1.425E+01  8.248E-03 
3.328E+03   1.416E+01  8.188E-03 
3.356E+03   1.407E+01  8.127E-03 
3.384E+03   1.398E+01  8.068E-03 
3.412E+03   1.390E+01  8.008E-03 
3.441E+03   1.381E+01  7.950E-03 
3.469E+03   1.372E+01  7.891E-03 
3.498E+03   1.363E+01  7.833E-03 
3.527E+03   1.355E+01  7.776E-03 
3.557E+03   1.346E+01  7.718E-03 
3.586E+03   1.337E+01  7.662E-03 
3.616E+03   1.329E+01  7.605E-03 
3.646E+03   1.320E+01  7.549E-03 
3.677E+03   1.312E+01  7.494E-03 
3.707E+03   1.304E+01  7.439E-03 
3.738E+03   1.295E+01  7.384E-03 
3.770E+03   1.287E+01  7.330E-03 
3.801E+03   1.279E+01  7.276E-03 
3.833E+03   1.271E+01  7.222E-03 
3.865E+03   1.262E+01  7.169E-03 
3.897E+03   1.254E+01  7.116E-03 
3.929E+03   1.246E+01  7.064E-03 
3.962E+03   1.238E+01  7.012E-03 
3.995E+03   1.230E+01  6.960E-03 
4.028E+03   1.223E+01  6.909E-03 
4.062E+03   1.215E+01  6.858E-03 
4.096E+03   1.207E+01  6.808E-03 
4.130E+03   1.199E+01  6.758E-03 
4.164E+03   1.191E+01  6.708E-03 
4.199E+03   1.184E+01  6.658E-03 
4.234E+03   1.176E+01  6.609E-03 
4.269E+03   1.169E+01  6.561E-03 
4.305E+03   1.161E+01  6.512E-03 
4.341E+03   1.154E+01  6.464E-03 
4.377E+03   1.146E+01  6.417E-03 
4.414E+03   1.139E+01  6.369E-03 
4.450E+03   1.131E+01  6.322E-03 
4.488E+03   1.124E+01  6.276E-03 
4.525E+03   1.117E+01  6.230E-03 
4.563E+03   1.110E+01  6.184E-03 
4.601E+03   1.102E+01  6.138E-03 
4.639E+03   1.095E+01  6.093E-03 
4.678E+03   1.088E+01  6.048E-03 
4.717E+03   1.081E+01  6.003E-03 
4.756E+03   1.074E+01  5.959E-03 
4.796E+03   1.067E+01  5.915E-03 
4.836E+03   1.060E+01  5.871E-03 
4.876E+03   1.054E+01  5.828E-03 
4.917E+03   1.047E+01  5.785E-03 
4.958E+03   1.040E+01  5.742E-03 
4.999E+03   1.033E+01  5.700E-03 
5.041E+03   1.026E+01  5.658E-03 
5.083E+03   1.020E+01  5.616E-03 
5.125E+03   1.013E+01  5.574E-03 
5.168E+03   1.007E+01  5.533E-03 
5.211E+03   1.000E+01  5.492E-03 
5.254E+03   9.935E+00  5.452E-03 
5.298E+03   9.871E+00  5.411E-03 
5.342E+03   9.806E+00  5.371E-03 
5.387E+03   9.743E+00  5.332E-03 
5.432E+03   9.679E+00  5.292E-03 
5.477E+03   9.616E+00  5.253E-03 
5.523E+03   9.553E+00  5.214E-03 
5.569E+03   9.491E+00  5.176E-03 
5.615E+03   9.429E+00  5.138E-03 
5.662E+03   9.368E+00  5.100E-03 
5.709E+03   9.306E+00  5.062E-03 
5.757E+03   9.246E+00  5.024E-03 
5.805E+03   9.185E+00  4.987E-03 
5.853E+03   9.125E+00  4.950E-03 
5.902E+03   9.065E+00  4.914E-03 
5.951E+03   9.006E+00  4.877E-03 
6.001E+03   8.947E+00  4.841E-03 
6.051E+03   8.889E+00  4.805E-03 
6.101E+03   8.830E+00  4.770E-03 
6.152E+03   8.773E+00  4.735E-03 
6.203E+03   8.715E+00  4.699E-03 
6.255E+03   8.658E+00  4.665E-03 
6.307E+03   8.601E+00  4.630E-03 
6.360E+03   8.545E+00  4.596E-03 
6.413E+03   8.489E+00  4.562E-03 
6.466E+03   8.433E+00  4.528E-03 
6.520E+03   8.378E+00  4.494E-03 
6.575E+03   8.322E+00  4.461E-03 
6.629E+03   8.268E+00  4.428E-03 
6.685E+03   8.213E+00  4.395E-03 
6.740E+03   8.159E+00  4.363E-03 
6.797E+03   8.106E+00  4.330E-03 
6.853E+03   8.052E+00  4.298E-03 
6.910E+03   7.999E+00  4.266E-03 
6.968E+03   7.947E+00  4.235E-03 
7.026E+03   7.894E+00  4.203E-03 
7.085E+03   7.842E+00  4.172E-03 
7.144E+03   7.791E+00  4.141E-03 
7.203E+03   7.739E+00  4.111E-03 
7.263E+03   7.688E+00  4.080E-03 
7.324E+03   7.637E+00  4.050E-03 
7.385E+03   7.587E+00  4.020E-03 
7.447E+03   7.537E+00  3.990E-03 
7.509E+03   7.487E+00  3.960E-03 
7.571E+03   7.438E+00  3.931E-03 
7.634E+03   7.388E+00  3.902E-03 
7.698E+03   7.340E+00  3.873E-03 
7.762E+03   7.291E+00  3.844E-03 
7.827E+03   7.243E+00  3.815E-03 
7.892E+03   7.195E+00  3.787E-03 
7.958E+03   7.147E+00  3.759E-03 
8.024E+03   7.100E+00  3.731E-03 
8.091E+03   7.053E+00  3.703E-03 
8.159E+03   7.006E+00  3.676E-03 
8.227E+03   6.960E+00  3.649E-03 
8.295E+03   6.914E+00  3.621E-03 
8.364E+03   6.868E+00  3.595E-03 
8.434E+03   6.822E+00  3.568E-03 
8.504E+03   6.777E+00  3.541E-03 
8.575E+03   6.732E+00  3.515E-03 
8.647E+03   6.687E+00  3.489E-03 
8.719E+03   6.643E+00  3.463E-03 
8.792E+03   6.599E+00  3.437E-03 
8.865E+03   6.555E+00  3.412E-03 
8.939E+03   6.511E+00  3.386E-03 
9.013E+03   6.468E+00  3.361E-03 
9.088E+03   6.425E+00  3.336E-03 
9.164E+03   6.382E+00  3.311E-03 
9.241E+03   6.340E+00  3.287E-03 
9.318E+03   6.298E+00  3.262E-03 
9.395E+03   6.256E+00  3.238E-03 
9.474E+03   6.214E+00  3.214E-03 
9.553E+03   6.173E+00  3.190E-03 
9.632E+03   6.132E+00  3.166E-03 
9.713E+03   6.091E+00  3.143E-03 
9.794E+03   6.050E+00  3.119E-03 
9.875E+03   6.010E+00  3.096E-03 
9.958E+03   5.970E+00  3.073E-03 
1.004E+04   5.930E+00  3.050E-03 
1.012E+04   5.890E+00  3.027E-03 
1.021E+04   5.851E+00  3.005E-03 
1.029E+04   5.812E+00  2.982E-03 
1.038E+04   5.773E+00  2.960E-03 
1.047E+04   5.735E+00  2.938E-03 
1.055E+04   5.696E+00  2.916E-03 
1.064E+04   5.658E+00  2.895E-03 
1.073E+04   5.620E+00  2.873E-03 
1.082E+04   5.583E+00  2.852E-03 
1.091E+04   5.546E+00  2.830E-03 
1.100E+04   5.509E+00  2.809E-03 
1.109E+04   5.472E+00  2.788E-03 
1.118E+04   5.435E+00  2.768E-03 
1.128E+04   5.399E+00  2.747E-03 
1.137E+04   5.363E+00  2.726E-03 
1.147E+04   5.327E+00  2.706E-03 
1.156E+04   5.291E+00  2.686E-03 
1.166E+04   5.256E+00  2.666E-03 
1.176E+04   5.220E+00  2.646E-03 
1.185E+04   5.185E+00  2.626E-03 
1.195E+04   5.151E+00  2.607E-03 
1.205E+04   5.116E+00  2.587E-03 
1.215E+04   5.082E+00  2.568E-03 
1.225E+04   5.048E+00  2.549E-03 
1.236E+04   5.014E+00  2.530E-03 
1.246E+04   4.980E+00  2.511E-03 
1.256E+04   4.947E+00  2.492E-03 
1.267E+04   4.914E+00  2.474E-03 
1.277E+04   4.881E+00  2.455E-03 
1.288E+04   4.848E+00  2.437E-03 
1.299E+04   4.816E+00  2.419E-03 
1.310E+04   4.783E+00  2.400E-03 
1.321E+04   4.751E+00  2.383E-03 
1.332E+04   4.719E+00  2.365E-03 
1.343E+04   4.688E+00  2.347E-03 
1.354E+04   4.656E+00  2.330E-03 
1.365E+04   4.625E+00  2.312E-03 
1.376E+04   4.594E+00  2.295E-03 
1.388E+04   4.563E+00  2.278E-03 
1.400E+04   4.532E+00  2.261E-03 
1.411E+04   4.502E+00  2.244E-03 
1.423E+04   4.472E+00  2.227E-03 
1.435E+04   4.442E+00  2.210E-03 
1.447E+04   4.412E+00  2.194E-03 
1.459E+04   4.382E+00  2.177E-03 
1.471E+04   4.353E+00  2.161E-03 
1.483E+04   4.323E+00  2.145E-03 
1.496E+04   4.294E+00  2.129E-03 
1.508E+04   4.265E+00  2.113E-03 
1.521E+04   4.237E+00  2.097E-03 
1.533E+04   4.208E+00  2.082E-03 
1.546E+04   4.180E+00  2.066E-03 
1.559E+04   4.152E+00  2.051E-03 
1.572E+04   4.124E+00  2.035E-03 
1.585E+04   4.096E+00  2.020E-03 
1.598E+04   4.068E+00  2.005E-03 
1.612E+04   4.041E+00  1.990E-03 
1.625E+04   4.014E+00  1.975E-03 
1.639E+04   3.987E+00  1.960E-03 
1.652E+04   3.960E+00  1.946E-03 
1.666E+04   3.933E+00  1.931E-03 
1.680E+04   3.907E+00  1.917E-03 
1.694E+04   3.881E+00  1.902E-03 
1.708E+04   3.854E+00  1.888E-03 
1.722E+04   3.828E+00  1.874E-03 
1.737E+04   3.803E+00  1.860E-03 
1.751E+04   3.777E+00  1.846E-03 
1.766E+04   3.752E+00  1.832E-03 
1.781E+04   3.726E+00  1.818E-03 
1.795E+04   3.701E+00  1.805E-03 
1.810E+04   3.676E+00  1.791E-03 
1.825E+04   3.652E+00  1.778E-03 
1.841E+04   3.627E+00  1.764E-03 
1.856E+04   3.603E+00  1.751E-03 
1.871E+04   3.578E+00  1.738E-03 
1.887E+04   3.554E+00  1.725E-03 
1.903E+04   3.530E+00  1.712E-03 
1.919E+04   3.506E+00  1.699E-03 
1.935E+04   3.483E+00  1.687E-03 
1.951E+04   3.459E+00  1.674E-03 
1.967E+04   3.436E+00  1.661E-03 
1.983E+04   3.413E+00  1.649E-03 
2.000E+04   3.390E+00  1.637E-03 
