Ion = Hydrogen    , Mass = 1.008
Tgt =  C +  H +  O (Solid), Density = 1.3 g/cm3
Stopping Units = MeV/mm       
Energy(keV)  S(Elec)    S(Nuc)
5.000E+00   4.314E+01  1.678E+00 
5.042E+00   4.331E+01  1.669E+00 
5.084E+00   4.348E+01  1.660E+00 
5.126E+00   4.365E+01  1.651E+00 
5.169E+00   4.382E+01  1.643E+00 
5.212E+00   4.399E+01  1.634E+00 
5.255E+00   4.415E+01  1.625E+00 
5.299E+00   4.433E+01  1.616E+00 
5.343E+00   4.450E+01  1.608E+00 
5.388E+00   4.467E+01  1.599E+00 
5.433E+00   4.484E+01  1.590E+00 
5.478E+00   4.502E+01  1.582E+00 
5.524E+00   4.519E+01  1.573E+00 
5.570E+00   4.537E+01  1.564E+00 
5.616E+00   4.554E+01  1.556E+00 
5.663E+00   4.572E+01  1.547E+00 
5.710E+00   4.590E+01  1.539E+00 
5.758E+00   4.608E+01  1.531E+00 
5.806E+00   4.625E+01  1.522E+00 
5.854E+00   4.643E+01  1.514E+00 
5.903E+00   4.661E+01  1.506E+00 
5.952E+00   4.679E+01  1.497E+00 
6.002E+00   4.698E+01  1.489E+00 
6.052E+00   4.716E+01  1.481E+00 
6.102E+00   4.734E+01  1.473E+00 
6.153E+00   4.752E+01  1.465E+00 
6.205E+00   4.771E+01  1.457E+00 
6.256E+00   4.789E+01  1.449E+00 
6.309E+00   4.808E+01  1.441E+00 
6.361E+00   4.826E+01  1.433E+00 
6.414E+00   4.845E+01  1.425E+00 
6.468E+00   4.864E+01  1.417E+00 
6.522E+00   4.883E+01  1.409E+00 
6.576E+00   4.902E+01  1.401E+00 
6.631E+00   4.921E+01  1.393E+00 
6.686E+00   4.940E+01  1.386E+00 
6.742E+00   4.959E+01  1.378E+00 
6.798E+00   4.978E+01  1.370E+00 
6.855E+00   4.997E+01  1.362E+00 
6.912E+00   5.017E+01  1.355E+00 
6.969E+00   5.036E+01  1.347E+00 
7.028E+00   5.056E+01  1.340E+00 
7.086E+00   5.075E+01  1.332E+00 
7.145E+00   5.095E+01  1.325E+00 
7.205E+00   5.114E+01  1.317E+00 
7.265E+00   5.134E+01  1.310E+00 
7.325E+00   5.154E+01  1.303E+00 
7.386E+00   5.174E+01  1.295E+00 
7.448E+00   5.194E+01  1.288E+00 
7.510E+00   5.214E+01  1.281E+00 
7.573E+00   5.234E+01  1.273E+00 
7.636E+00   5.254E+01  1.266E+00 
7.700E+00   5.275E+01  1.259E+00 
7.764E+00   5.295E+01  1.252E+00 
7.828E+00   5.315E+01  1.245E+00 
7.894E+00   5.336E+01  1.238E+00 
7.960E+00   5.356E+01  1.230E+00 
8.026E+00   5.377E+01  1.224E+00 
8.093E+00   5.398E+01  1.217E+00 
8.160E+00   5.418E+01  1.210E+00 
8.228E+00   5.439E+01  1.203E+00 
8.297E+00   5.460E+01  1.196E+00 
8.366E+00   5.481E+01  1.189E+00 
8.436E+00   5.502E+01  1.182E+00 
8.506E+00   5.523E+01  1.175E+00 
8.577E+00   5.544E+01  1.169E+00 
8.649E+00   5.566E+01  1.162E+00 
8.721E+00   5.587E+01  1.155E+00 
8.793E+00   5.608E+01  1.149E+00 
8.867E+00   5.630E+01  1.142E+00 
8.941E+00   5.651E+01  1.135E+00 
9.015E+00   5.673E+01  1.129E+00 
9.090E+00   5.694E+01  1.122E+00 
9.166E+00   5.716E+01  1.116E+00 
9.242E+00   5.738E+01  1.109E+00 
9.320E+00   5.760E+01  1.103E+00 
9.397E+00   5.782E+01  1.096E+00 
9.476E+00   5.804E+01  1.090E+00 
9.555E+00   5.826E+01  1.084E+00 
9.634E+00   5.848E+01  1.077E+00 
9.715E+00   5.871E+01  1.071E+00 
9.796E+00   5.893E+01  1.065E+00 
9.877E+00   5.915E+01  1.059E+00 
9.960E+00   5.938E+01  1.052E+00 
1.004E+01   5.960E+01  1.046E+00 
1.013E+01   5.983E+01  1.040E+00 
1.021E+01   6.006E+01  1.034E+00 
1.030E+01   6.028E+01  1.028E+00 
1.038E+01   6.051E+01  1.022E+00 
1.047E+01   6.074E+01  1.016E+00 
1.056E+01   6.097E+01  1.010E+00 
1.064E+01   6.120E+01  1.004E+00 
1.073E+01   6.143E+01  9.982E-01 
1.082E+01   6.166E+01  9.923E-01 
1.091E+01   6.189E+01  9.865E-01 
1.100E+01   6.212E+01  9.807E-01 
1.110E+01   6.236E+01  9.749E-01 
1.119E+01   6.259E+01  9.691E-01 
1.128E+01   6.282E+01  9.634E-01 
1.137E+01   6.306E+01  9.577E-01 
1.147E+01   6.330E+01  9.520E-01 
1.157E+01   6.353E+01  9.463E-01 
1.166E+01   6.377E+01  9.407E-01 
1.176E+01   6.401E+01  9.351E-01 
1.186E+01   6.425E+01  9.295E-01 
1.196E+01   6.448E+01  9.241E-01 
1.206E+01   6.472E+01  9.185E-01 
1.216E+01   6.497E+01  9.130E-01 
1.226E+01   6.521E+01  9.076E-01 
1.236E+01   6.545E+01  9.022E-01 
1.246E+01   6.569E+01  8.968E-01 
1.257E+01   6.593E+01  8.914E-01 
1.267E+01   6.618E+01  8.861E-01 
1.278E+01   6.642E+01  8.808E-01 
1.288E+01   6.666E+01  8.755E-01 
1.299E+01   6.691E+01  8.703E-01 
1.310E+01   6.715E+01  8.650E-01 
1.321E+01   6.740E+01  8.598E-01 
1.332E+01   6.765E+01  8.547E-01 
1.343E+01   6.789E+01  8.495E-01 
1.354E+01   6.814E+01  8.444E-01 
1.365E+01   6.839E+01  8.393E-01 
1.377E+01   6.864E+01  8.342E-01 
1.388E+01   6.889E+01  8.292E-01 
1.400E+01   6.914E+01  8.242E-01 
1.412E+01   6.939E+01  8.192E-01 
1.423E+01   6.964E+01  8.142E-01 
1.435E+01   6.989E+01  8.093E-01 
1.447E+01   7.014E+01  8.044E-01 
1.459E+01   7.040E+01  7.995E-01 
1.471E+01   7.065E+01  7.947E-01 
1.484E+01   7.090E+01  7.899E-01 
1.496E+01   7.116E+01  7.850E-01 
1.508E+01   7.141E+01  7.525E-01 
1.521E+01   7.167E+01  7.479E-01 
1.534E+01   7.192E+01  7.434E-01 
1.547E+01   7.218E+01  7.389E-01 
1.559E+01   7.243E+01  7.344E-01 
1.572E+01   7.269E+01  7.300E-01 
1.586E+01   7.295E+01  7.256E-01 
1.599E+01   7.320E+01  7.212E-01 
1.612E+01   7.346E+01  7.168E-01 
1.626E+01   7.372E+01  7.124E-01 
1.639E+01   7.398E+01  7.081E-01 
1.653E+01   7.424E+01  7.038E-01 
1.666E+01   7.450E+01  6.995E-01 
1.680E+01   7.476E+01  6.953E-01 
1.694E+01   7.501E+01  6.910E-01 
1.709E+01   7.528E+01  6.868E-01 
1.723E+01   7.554E+01  6.826E-01 
1.737E+01   7.580E+01  6.784E-01 
1.752E+01   7.606E+01  6.743E-01 
1.766E+01   7.632E+01  6.702E-01 
1.781E+01   7.658E+01  6.661E-01 
1.796E+01   7.684E+01  6.620E-01 
1.811E+01   7.711E+01  6.579E-01 
1.826E+01   7.737E+01  6.539E-01 
1.841E+01   7.763E+01  6.499E-01 
1.856E+01   7.790E+01  6.459E-01 
1.872E+01   7.816E+01  6.419E-01 
1.888E+01   7.842E+01  6.379E-01 
1.903E+01   7.869E+01  6.340E-01 
1.919E+01   7.895E+01  6.301E-01 
1.935E+01   7.921E+01  6.262E-01 
1.951E+01   7.948E+01  6.224E-01 
1.968E+01   7.974E+01  6.185E-01 
1.984E+01   8.001E+01  6.147E-01 
2.000E+01   8.027E+01  6.109E-01 
2.017E+01   8.054E+01  6.071E-01 
2.034E+01   8.080E+01  6.034E-01 
2.051E+01   8.106E+01  5.841E-01 
2.068E+01   8.133E+01  5.805E-01 
2.085E+01   8.160E+01  5.769E-01 
2.103E+01   8.186E+01  5.733E-01 
2.120E+01   8.213E+01  5.698E-01 
2.138E+01   8.239E+01  5.663E-01 
2.156E+01   8.266E+01  5.628E-01 
2.174E+01   8.292E+01  5.593E-01 
2.192E+01   8.319E+01  5.558E-01 
2.210E+01   8.345E+01  5.524E-01 
2.228E+01   8.372E+01  5.489E-01 
2.247E+01   8.398E+01  5.455E-01 
2.266E+01   8.425E+01  5.421E-01 
2.285E+01   8.451E+01  5.388E-01 
2.304E+01   8.477E+01  5.354E-01 
2.323E+01   8.504E+01  5.321E-01 
2.342E+01   8.530E+01  5.288E-01 
2.362E+01   8.557E+01  5.255E-01 
2.381E+01   8.583E+01  5.222E-01 
2.401E+01   8.610E+01  5.189E-01 
2.421E+01   8.636E+01  5.157E-01 
2.442E+01   8.662E+01  5.125E-01 
2.462E+01   8.689E+01  5.093E-01 
2.482E+01   8.715E+01  5.061E-01 
2.503E+01   8.741E+01  5.029E-01 
2.524E+01   8.767E+01  4.998E-01 
2.545E+01   8.794E+01  4.966E-01 
2.566E+01   8.820E+01  4.935E-01 
2.588E+01   8.846E+01  4.904E-01 
2.609E+01   8.872E+01  4.873E-01 
2.631E+01   8.898E+01  4.843E-01 
2.653E+01   8.924E+01  4.812E-01 
2.675E+01   8.950E+01  4.782E-01 
2.697E+01   8.976E+01  4.752E-01 
2.720E+01   9.002E+01  4.722E-01 
2.742E+01   9.028E+01  4.692E-01 
2.765E+01   9.054E+01  4.663E-01 
2.788E+01   9.080E+01  4.633E-01 
2.812E+01   9.105E+01  4.604E-01 
2.835E+01   9.131E+01  4.575E-01 
2.859E+01   9.157E+01  4.546E-01 
2.883E+01   9.182E+01  4.517E-01 
2.907E+01   9.208E+01  4.489E-01 
2.931E+01   9.233E+01  4.460E-01 
2.955E+01   9.259E+01  4.432E-01 
2.980E+01   9.284E+01  4.404E-01 
3.005E+01   9.309E+01  4.376E-01 
3.030E+01   9.334E+01  4.348E-01 
3.055E+01   9.360E+01  4.320E-01 
3.080E+01   9.385E+01  4.293E-01 
3.106E+01   9.410E+01  4.266E-01 
3.132E+01   9.434E+01  4.238E-01 
3.158E+01   9.459E+01  4.211E-01 
3.184E+01   9.484E+01  4.185E-01 
3.211E+01   9.509E+01  4.158E-01 
3.238E+01   9.533E+01  4.131E-01 
3.265E+01   9.558E+01  4.105E-01 
3.292E+01   9.582E+01  4.079E-01 
3.319E+01   9.607E+01  4.053E-01 
3.347E+01   9.631E+01  4.027E-01 
3.375E+01   9.655E+01  4.001E-01 
3.403E+01   9.679E+01  3.975E-01 
3.432E+01   9.703E+01  3.950E-01 
3.460E+01   9.727E+01  3.925E-01 
3.489E+01   9.751E+01  3.899E-01 
3.518E+01   9.774E+01  3.875E-01 
3.547E+01   9.798E+01  3.850E-01 
3.577E+01   9.821E+01  3.825E-01 
3.607E+01   9.845E+01  3.800E-01 
3.637E+01   9.868E+01  3.776E-01 
3.667E+01   9.891E+01  3.752E-01 
3.698E+01   9.914E+01  3.727E-01 
3.729E+01   9.937E+01  3.703E-01 
3.760E+01   9.960E+01  3.680E-01 
3.791E+01   9.982E+01  3.656E-01 
3.823E+01   1.000E+02  3.632E-01 
3.855E+01   1.003E+02  3.609E-01 
3.887E+01   1.005E+02  3.586E-01 
3.919E+01   1.007E+02  3.562E-01 
3.952E+01   1.009E+02  3.539E-01 
3.985E+01   1.012E+02  3.517E-01 
4.018E+01   1.014E+02  3.494E-01 
4.051E+01   1.016E+02  3.471E-01 
4.085E+01   1.018E+02  3.449E-01 
4.119E+01   1.020E+02  3.426E-01 
4.154E+01   1.022E+02  3.404E-01 
4.188E+01   1.024E+02  3.382E-01 
4.223E+01   1.026E+02  3.360E-01 
4.258E+01   1.028E+02  3.338E-01 
4.294E+01   1.030E+02  3.317E-01 
4.330E+01   1.032E+02  3.295E-01 
4.366E+01   1.034E+02  3.274E-01 
4.402E+01   1.036E+02  3.252E-01 
4.439E+01   1.038E+02  3.231E-01 
4.476E+01   1.040E+02  3.210E-01 
4.513E+01   1.042E+02  3.189E-01 
4.551E+01   1.044E+02  3.168E-01 
4.589E+01   1.046E+02  3.148E-01 
4.627E+01   1.048E+02  3.127E-01 
4.666E+01   1.050E+02  3.107E-01 
4.704E+01   1.052E+02  3.087E-01 
4.744E+01   1.053E+02  3.066E-01 
4.783E+01   1.055E+02  3.046E-01 
4.823E+01   1.057E+02  3.026E-01 
4.863E+01   1.059E+02  3.007E-01 
4.904E+01   1.060E+02  2.987E-01 
4.945E+01   1.062E+02  2.967E-01 
4.986E+01   1.064E+02  2.948E-01 
5.027E+01   1.065E+02  2.929E-01 
5.069E+01   1.067E+02  2.910E-01 
5.112E+01   1.069E+02  2.890E-01 
5.154E+01   1.070E+02  2.871E-01 
5.197E+01   1.072E+02  2.853E-01 
5.241E+01   1.073E+02  2.834E-01 
5.284E+01   1.075E+02  2.815E-01 
5.328E+01   1.076E+02  2.797E-01 
5.373E+01   1.078E+02  2.778E-01 
5.418E+01   1.079E+02  2.760E-01 
5.463E+01   1.081E+02  2.742E-01 
5.508E+01   1.082E+02  2.724E-01 
5.554E+01   1.083E+02  2.706E-01 
5.600E+01   1.085E+02  2.688E-01 
5.647E+01   1.086E+02  2.670E-01 
5.694E+01   1.087E+02  2.653E-01 
5.742E+01   1.088E+02  2.635E-01 
5.790E+01   1.090E+02  2.618E-01 
5.838E+01   1.091E+02  2.601E-01 
5.886E+01   1.092E+02  2.583E-01 
5.936E+01   1.093E+02  2.566E-01 
5.985E+01   1.094E+02  2.549E-01 
6.035E+01   1.095E+02  2.532E-01 
6.085E+01   1.096E+02  2.516E-01 
6.136E+01   1.097E+02  2.499E-01 
6.187E+01   1.098E+02  2.482E-01 
6.239E+01   1.099E+02  2.466E-01 
6.291E+01   1.100E+02  2.450E-01 
6.343E+01   1.101E+02  2.433E-01 
6.396E+01   1.102E+02  2.417E-01 
6.449E+01   1.102E+02  2.401E-01 
6.503E+01   1.103E+02  2.385E-01 
6.557E+01   1.104E+02  2.369E-01 
6.612E+01   1.104E+02  2.354E-01 
6.667E+01   1.105E+02  2.338E-01 
6.723E+01   1.106E+02  2.323E-01 
6.779E+01   1.106E+02  2.307E-01 
6.835E+01   1.107E+02  2.292E-01 
6.892E+01   1.107E+02  2.276E-01 
6.950E+01   1.108E+02  2.261E-01 
7.008E+01   1.108E+02  2.246E-01 
7.066E+01   1.108E+02  2.231E-01 
7.125E+01   1.109E+02  2.216E-01 
7.184E+01   1.109E+02  2.202E-01 
7.244E+01   1.109E+02  2.187E-01 
7.305E+01   1.109E+02  2.172E-01 
7.366E+01   1.110E+02  2.158E-01 
7.427E+01   1.110E+02  2.143E-01 
7.489E+01   1.110E+02  2.129E-01 
7.551E+01   1.110E+02  2.115E-01 
7.614E+01   1.110E+02  2.101E-01 
7.678E+01   1.110E+02  2.087E-01 
7.742E+01   1.110E+02  2.073E-01 
7.806E+01   1.110E+02  2.059E-01 
7.871E+01   1.109E+02  2.045E-01 
7.937E+01   1.109E+02  2.031E-01 
8.003E+01   1.109E+02  2.018E-01 
8.070E+01   1.109E+02  2.004E-01 
8.137E+01   1.108E+02  1.991E-01 
8.205E+01   1.108E+02  1.977E-01 
8.273E+01   1.108E+02  1.964E-01 
8.342E+01   1.107E+02  1.951E-01 
8.412E+01   1.107E+02  1.938E-01 
8.482E+01   1.106E+02  1.925E-01 
8.553E+01   1.105E+02  1.912E-01 
8.624E+01   1.105E+02  1.899E-01 
8.696E+01   1.104E+02  1.886E-01 
8.769E+01   1.103E+02  1.873E-01 
8.842E+01   1.103E+02  1.861E-01 
8.915E+01   1.102E+02  1.848E-01 
8.990E+01   1.101E+02  1.836E-01 
9.065E+01   1.100E+02  1.823E-01 
9.140E+01   1.099E+02  1.811E-01 
9.216E+01   1.098E+02  1.799E-01 
9.293E+01   1.097E+02  1.787E-01 
9.371E+01   1.096E+02  1.775E-01 
9.449E+01   1.095E+02  1.763E-01 
9.528E+01   1.094E+02  1.751E-01 
9.607E+01   1.092E+02  1.739E-01 
9.687E+01   1.091E+02  1.727E-01 
9.768E+01   1.090E+02  1.716E-01 
9.849E+01   1.088E+02  1.704E-01 
9.931E+01   1.087E+02  1.692E-01 
1.001E+02   1.086E+02  1.681E-01 
1.010E+02   1.084E+02  1.670E-01 
1.018E+02   1.083E+02  1.658E-01 
1.027E+02   1.081E+02  1.647E-01 
1.035E+02   1.080E+02  1.636E-01 
1.044E+02   1.078E+02  1.625E-01 
1.053E+02   1.076E+02  1.614E-01 
1.061E+02   1.074E+02  1.603E-01 
1.070E+02   1.073E+02  1.592E-01 
1.079E+02   1.071E+02  1.581E-01 
1.088E+02   1.069E+02  1.570E-01 
1.097E+02   1.067E+02  1.560E-01 
1.106E+02   1.065E+02  1.549E-01 
1.116E+02   1.063E+02  1.539E-01 
1.125E+02   1.061E+02  1.528E-01 
1.134E+02   1.059E+02  1.518E-01 
1.144E+02   1.057E+02  1.507E-01 
1.153E+02   1.055E+02  1.497E-01 
1.163E+02   1.053E+02  1.487E-01 
1.173E+02   1.051E+02  1.477E-01 
1.182E+02   1.048E+02  1.467E-01 
1.192E+02   1.046E+02  1.457E-01 
1.202E+02   1.044E+02  1.447E-01 
1.212E+02   1.041E+02  1.437E-01 
1.222E+02   1.039E+02  1.427E-01 
1.232E+02   1.037E+02  1.418E-01 
1.243E+02   1.034E+02  1.408E-01 
1.253E+02   1.032E+02  1.398E-01 
1.264E+02   1.029E+02  1.389E-01 
1.274E+02   1.027E+02  1.379E-01 
1.285E+02   1.024E+02  1.370E-01 
1.295E+02   1.021E+02  1.360E-01 
1.306E+02   1.019E+02  1.351E-01 
1.317E+02   1.016E+02  1.342E-01 
1.328E+02   1.013E+02  1.333E-01 
1.339E+02   1.011E+02  1.324E-01 
1.350E+02   1.008E+02  1.314E-01 
1.362E+02   1.005E+02  1.305E-01 
1.373E+02   1.002E+02  1.297E-01 
1.384E+02   9.994E+01  1.288E-01 
1.396E+02   9.965E+01  1.279E-01 
1.408E+02   9.936E+01  1.270E-01 
1.419E+02   9.906E+01  1.261E-01 
1.431E+02   9.876E+01  1.253E-01 
1.443E+02   9.847E+01  1.244E-01 
1.455E+02   9.816E+01  1.236E-01 
1.467E+02   9.786E+01  1.227E-01 
1.479E+02   9.755E+01  1.219E-01 
1.492E+02   9.724E+01  1.210E-01 
1.504E+02   9.693E+01  1.202E-01 
1.517E+02   9.662E+01  1.194E-01 
1.529E+02   9.630E+01  1.186E-01 
1.542E+02   9.599E+01  1.177E-01 
1.555E+02   9.567E+01  1.169E-01 
1.568E+02   9.534E+01  1.161E-01 
1.581E+02   9.502E+01  1.153E-01 
1.594E+02   9.469E+01  1.145E-01 
1.607E+02   9.437E+01  1.137E-01 
1.621E+02   9.404E+01  1.130E-01 
1.634E+02   9.371E+01  1.122E-01 
1.648E+02   9.337E+01  1.114E-01 
1.662E+02   9.304E+01  1.106E-01 
1.676E+02   9.270E+01  1.099E-01 
1.690E+02   9.237E+01  1.091E-01 
1.704E+02   9.203E+01  1.084E-01 
1.718E+02   9.169E+01  1.076E-01 
1.732E+02   9.135E+01  1.069E-01 
1.747E+02   9.100E+01  1.061E-01 
1.761E+02   9.066E+01  1.054E-01 
1.776E+02   9.032E+01  1.047E-01 
1.791E+02   8.997E+01  1.039E-01 
1.806E+02   8.962E+01  1.032E-01 
1.821E+02   8.927E+01  1.025E-01 
1.836E+02   8.893E+01  1.018E-01 
1.851E+02   8.858E+01  1.011E-01 
1.867E+02   8.823E+01  1.004E-01 
1.882E+02   8.787E+01  9.971E-02 
1.898E+02   8.752E+01  9.902E-02 
1.914E+02   8.717E+01  9.833E-02 
1.930E+02   8.681E+01  9.765E-02 
1.946E+02   8.646E+01  9.697E-02 
1.962E+02   8.611E+01  9.630E-02 
1.978E+02   8.575E+01  9.563E-02 
1.995E+02   8.539E+01  9.497E-02 
2.011E+02   8.504E+01  9.431E-02 
2.028E+02   8.468E+01  9.366E-02 
2.045E+02   8.432E+01  9.301E-02 
2.062E+02   8.397E+01  9.236E-02 
2.079E+02   8.361E+01  9.172E-02 
2.097E+02   8.325E+01  9.108E-02 
2.114E+02   8.289E+01  9.045E-02 
2.132E+02   8.254E+01  8.982E-02 
2.150E+02   8.218E+01  8.920E-02 
2.167E+02   8.182E+01  8.858E-02 
2.185E+02   8.146E+01  8.796E-02 
2.204E+02   8.110E+01  8.735E-02 
2.222E+02   8.075E+01  8.674E-02 
2.241E+02   8.039E+01  8.614E-02 
2.259E+02   8.003E+01  8.554E-02 
2.278E+02   7.967E+01  8.494E-02 
2.297E+02   7.932E+01  8.435E-02 
2.316E+02   7.896E+01  8.376E-02 
2.336E+02   7.860E+01  8.318E-02 
2.355E+02   7.825E+01  8.260E-02 
2.375E+02   7.789E+01  8.202E-02 
2.394E+02   7.754E+01  8.145E-02 
2.414E+02   7.718E+01  8.088E-02 
2.435E+02   7.683E+01  8.032E-02 
2.455E+02   7.647E+01  7.976E-02 
2.475E+02   7.612E+01  7.920E-02 
2.496E+02   7.577E+01  7.865E-02 
2.517E+02   7.541E+01  7.810E-02 
2.538E+02   7.506E+01  7.755E-02 
2.559E+02   7.471E+01  7.701E-02 
2.580E+02   7.436E+01  7.647E-02 
2.602E+02   7.401E+01  7.594E-02 
2.623E+02   7.366E+01  7.541E-02 
2.645E+02   7.331E+01  7.488E-02 
2.667E+02   7.296E+01  7.436E-02 
2.690E+02   7.262E+01  7.384E-02 
2.712E+02   7.227E+01  7.332E-02 
2.735E+02   7.192E+01  7.281E-02 
2.757E+02   7.158E+01  7.230E-02 
2.780E+02   7.124E+01  7.179E-02 
2.804E+02   7.089E+01  7.129E-02 
2.827E+02   7.055E+01  7.079E-02 
2.851E+02   7.021E+01  7.029E-02 
2.874E+02   6.987E+01  6.980E-02 
2.898E+02   6.953E+01  6.931E-02 
2.922E+02   6.919E+01  6.882E-02 
2.947E+02   6.885E+01  6.834E-02 
2.971E+02   6.852E+01  6.786E-02 
2.996E+02   6.818E+01  6.739E-02 
3.021E+02   6.785E+01  6.691E-02 
3.046E+02   6.751E+01  6.644E-02 
3.072E+02   6.718E+01  6.598E-02 
3.097E+02   6.685E+01  6.551E-02 
3.123E+02   6.652E+01  6.505E-02 
3.149E+02   6.619E+01  6.460E-02 
3.175E+02   6.586E+01  6.414E-02 
3.202E+02   6.553E+01  6.369E-02 
3.229E+02   6.521E+01  6.324E-02 
3.256E+02   6.488E+01  6.280E-02 
3.283E+02   6.456E+01  6.236E-02 
3.310E+02   6.424E+01  6.192E-02 
3.338E+02   6.392E+01  6.148E-02 
3.365E+02   6.360E+01  6.105E-02 
3.394E+02   6.328E+01  6.062E-02 
3.422E+02   6.296E+01  6.019E-02 
3.450E+02   6.264E+01  5.977E-02 
3.479E+02   6.233E+01  5.935E-02 
3.508E+02   6.201E+01  5.893E-02 
3.537E+02   6.170E+01  5.851E-02 
3.567E+02   6.139E+01  5.810E-02 
3.597E+02   6.108E+01  5.769E-02 
3.627E+02   6.077E+01  5.728E-02 
3.657E+02   6.046E+01  5.688E-02 
3.687E+02   6.015E+01  5.648E-02 
3.718E+02   5.984E+01  5.608E-02 
3.749E+02   5.954E+01  5.568E-02 
3.780E+02   5.924E+01  5.529E-02 
3.812E+02   5.893E+01  5.490E-02 
3.844E+02   5.863E+01  5.451E-02 
3.876E+02   5.833E+01  5.413E-02 
3.908E+02   5.803E+01  5.375E-02 
3.940E+02   5.774E+01  5.337E-02 
3.973E+02   5.744E+01  5.299E-02 
4.006E+02   5.715E+01  5.261E-02 
4.040E+02   5.685E+01  5.224E-02 
4.074E+02   5.656E+01  5.187E-02 
4.108E+02   5.627E+01  5.151E-02 
4.142E+02   5.598E+01  5.114E-02 
4.176E+02   5.569E+01  5.078E-02 
4.211E+02   5.540E+01  5.042E-02 
4.246E+02   5.512E+01  5.006E-02 
4.282E+02   5.483E+01  4.971E-02 
4.317E+02   5.455E+01  4.936E-02 
4.353E+02   5.426E+01  4.901E-02 
4.390E+02   5.398E+01  4.866E-02 
4.426E+02   5.370E+01  4.831E-02 
4.463E+02   5.343E+01  4.797E-02 
4.500E+02   5.315E+01  4.763E-02 
4.538E+02   5.287E+01  4.729E-02 
4.576E+02   5.260E+01  4.696E-02 
4.614E+02   5.232E+01  4.662E-02 
4.652E+02   5.205E+01  4.629E-02 
4.691E+02   5.178E+01  4.597E-02 
4.730E+02   5.151E+01  4.564E-02 
4.770E+02   5.124E+01  4.532E-02 
4.809E+02   5.097E+01  4.499E-02 
4.849E+02   5.071E+01  4.467E-02 
4.890E+02   5.044E+01  4.436E-02 
4.931E+02   5.018E+01  4.404E-02 
4.972E+02   4.991E+01  4.373E-02 
5.013E+02   4.965E+01  4.342E-02 
5.055E+02   4.939E+01  4.311E-02 
5.097E+02   4.913E+01  4.280E-02 
5.140E+02   4.888E+01  4.250E-02 
5.182E+02   4.862E+01  4.220E-02 
5.226E+02   4.836E+01  4.190E-02 
5.269E+02   4.811E+01  4.160E-02 
5.313E+02   4.786E+01  4.130E-02 
5.357E+02   4.761E+01  4.101E-02 
5.402E+02   4.735E+01  4.071E-02 
5.447E+02   4.711E+01  4.042E-02 
5.493E+02   4.686E+01  4.014E-02 
5.538E+02   4.661E+01  3.985E-02 
5.585E+02   4.636E+01  3.957E-02 
5.631E+02   4.612E+01  3.929E-02 
5.678E+02   4.588E+01  3.901E-02 
5.725E+02   4.563E+01  3.873E-02 
5.773E+02   4.539E+01  3.845E-02 
5.821E+02   4.515E+01  3.818E-02 
5.870E+02   4.492E+01  3.790E-02 
5.919E+02   4.468E+01  3.763E-02 
5.968E+02   4.444E+01  3.737E-02 
6.018E+02   4.421E+01  3.710E-02 
6.068E+02   4.397E+01  3.683E-02 
6.119E+02   4.374E+01  3.657E-02 
6.170E+02   4.351E+01  3.631E-02 
6.221E+02   4.328E+01  3.605E-02 
6.273E+02   4.305E+01  3.579E-02 
6.325E+02   4.282E+01  3.554E-02 
6.378E+02   4.259E+01  3.528E-02 
6.431E+02   4.237E+01  3.503E-02 
6.485E+02   4.214E+01  3.478E-02 
6.539E+02   4.192E+01  3.453E-02 
6.593E+02   4.170E+01  3.428E-02 
6.648E+02   4.148E+01  3.404E-02 
6.704E+02   4.126E+01  3.380E-02 
6.760E+02   4.104E+01  3.355E-02 
6.816E+02   4.082E+01  3.331E-02 
6.873E+02   4.060E+01  3.308E-02 
6.930E+02   4.039E+01  3.284E-02 
6.988E+02   4.017E+01  3.260E-02 
7.046E+02   3.996E+01  3.237E-02 
7.105E+02   3.975E+01  3.214E-02 
7.164E+02   3.953E+01  3.191E-02 
7.224E+02   3.932E+01  3.168E-02 
7.284E+02   3.912E+01  3.145E-02 
7.345E+02   3.891E+01  3.123E-02 
7.406E+02   3.870E+01  3.100E-02 
7.468E+02   3.850E+01  3.078E-02 
7.530E+02   3.829E+01  3.056E-02 
7.593E+02   3.809E+01  3.034E-02 
7.656E+02   3.789E+01  3.012E-02 
7.720E+02   3.768E+01  2.991E-02 
7.784E+02   3.748E+01  2.969E-02 
7.849E+02   3.729E+01  2.948E-02 
7.915E+02   3.709E+01  2.927E-02 
7.981E+02   3.689E+01  2.906E-02 
8.047E+02   3.670E+01  2.885E-02 
8.114E+02   3.650E+01  2.864E-02 
8.182E+02   3.631E+01  2.844E-02 
8.250E+02   3.611E+01  2.823E-02 
8.319E+02   3.592E+01  2.803E-02 
8.388E+02   3.573E+01  2.783E-02 
8.458E+02   3.554E+01  2.763E-02 
8.529E+02   3.536E+01  2.743E-02 
8.600E+02   3.517E+01  2.723E-02 
8.671E+02   3.498E+01  2.704E-02 
8.744E+02   3.480E+01  2.684E-02 
8.817E+02   3.461E+01  2.665E-02 
8.890E+02   3.443E+01  2.646E-02 
8.964E+02   3.425E+01  2.627E-02 
9.039E+02   3.407E+01  2.608E-02 
9.114E+02   3.389E+01  2.589E-02 
9.190E+02   3.371E+01  2.570E-02 
9.267E+02   3.353E+01  2.552E-02 
9.344E+02   3.336E+01  2.533E-02 
9.422E+02   3.318E+01  2.515E-02 
9.501E+02   3.301E+01  2.497E-02 
9.580E+02   3.284E+01  2.479E-02 
9.660E+02   3.266E+01  2.461E-02 
9.740E+02   3.249E+01  2.443E-02 
9.821E+02   3.232E+01  2.426E-02 
9.903E+02   3.215E+01  2.408E-02 
9.986E+02   3.198E+01  2.391E-02 
1.007E+03   3.182E+01  2.374E-02 
1.015E+03   3.169E+01  2.357E-02 
1.024E+03   3.157E+01  2.340E-02 
1.032E+03   3.145E+01  2.323E-02 
1.041E+03   3.133E+01  2.306E-02 
1.050E+03   3.120E+01  2.289E-02 
1.058E+03   3.108E+01  2.273E-02 
1.067E+03   3.095E+01  2.256E-02 
1.076E+03   3.083E+01  2.240E-02 
1.085E+03   3.070E+01  2.224E-02 
1.094E+03   3.057E+01  2.208E-02 
1.103E+03   3.044E+01  2.192E-02 
1.112E+03   3.031E+01  2.176E-02 
1.122E+03   3.018E+01  2.160E-02 
1.131E+03   3.005E+01  2.145E-02 
1.140E+03   2.991E+01  2.129E-02 
1.150E+03   2.978E+01  2.114E-02 
1.160E+03   2.964E+01  2.099E-02 
1.169E+03   2.950E+01  2.083E-02 
1.179E+03   2.936E+01  2.068E-02 
1.189E+03   2.922E+01  2.053E-02 
1.199E+03   2.908E+01  2.038E-02 
1.209E+03   2.894E+01  2.024E-02 
1.219E+03   2.878E+01  2.009E-02 
1.229E+03   2.862E+01  1.995E-02 
1.239E+03   2.846E+01  1.980E-02 
1.250E+03   2.830E+01  1.966E-02 
1.260E+03   2.814E+01  1.952E-02 
1.270E+03   2.798E+01  1.937E-02 
1.281E+03   2.782E+01  1.923E-02 
1.292E+03   2.767E+01  1.909E-02 
1.302E+03   2.751E+01  1.896E-02 
1.313E+03   2.736E+01  1.882E-02 
1.324E+03   2.720E+01  1.868E-02 
1.335E+03   2.705E+01  1.855E-02 
1.346E+03   2.690E+01  1.841E-02 
1.358E+03   2.675E+01  1.828E-02 
1.369E+03   2.659E+01  1.815E-02 
1.380E+03   2.644E+01  1.801E-02 
1.392E+03   2.629E+01  1.788E-02 
1.404E+03   2.614E+01  1.775E-02 
1.415E+03   2.600E+01  1.763E-02 
1.427E+03   2.585E+01  1.750E-02 
1.439E+03   2.570E+01  1.737E-02 
1.451E+03   2.555E+01  1.724E-02 
1.463E+03   2.541E+01  1.712E-02 
1.475E+03   2.526E+01  1.699E-02 
1.487E+03   2.512E+01  1.687E-02 
1.500E+03   2.497E+01  1.675E-02 
1.512E+03   2.483E+01  1.663E-02 
1.525E+03   2.469E+01  1.651E-02 
1.538E+03   2.454E+01  1.639E-02 
1.551E+03   2.440E+01  1.627E-02 
1.563E+03   2.426E+01  1.615E-02 
1.577E+03   2.412E+01  1.603E-02 
1.590E+03   2.398E+01  1.592E-02 
1.603E+03   2.384E+01  1.580E-02 
1.616E+03   2.370E+01  1.568E-02 
1.630E+03   2.356E+01  1.557E-02 
1.643E+03   2.342E+01  1.546E-02 
1.657E+03   2.329E+01  1.534E-02 
1.671E+03   2.315E+01  1.523E-02 
1.685E+03   2.301E+01  1.512E-02 
1.699E+03   2.288E+01  1.501E-02 
1.713E+03   2.274E+01  1.490E-02 
1.727E+03   2.261E+01  1.479E-02 
1.742E+03   2.247E+01  1.469E-02 
1.756E+03   2.234E+01  1.458E-02 
1.771E+03   2.221E+01  1.447E-02 
1.786E+03   2.207E+01  1.437E-02 
1.800E+03   2.194E+01  1.426E-02 
1.815E+03   2.181E+01  1.416E-02 
1.831E+03   2.168E+01  1.406E-02 
1.846E+03   2.155E+01  1.395E-02 
1.861E+03   2.142E+01  1.385E-02 
1.877E+03   2.129E+01  1.375E-02 
1.892E+03   2.116E+01  1.365E-02 
1.908E+03   2.103E+01  1.355E-02 
1.924E+03   2.091E+01  1.345E-02 
1.940E+03   2.078E+01  1.335E-02 
1.956E+03   2.065E+01  1.326E-02 
1.973E+03   2.053E+01  1.316E-02 
1.989E+03   2.040E+01  1.306E-02 
2.006E+03   2.028E+01  1.297E-02 
2.022E+03   2.015E+01  1.287E-02 
2.039E+03   2.003E+01  1.278E-02 
2.056E+03   1.991E+01  1.269E-02 
2.073E+03   1.979E+01  1.259E-02 
2.091E+03   1.966E+01  1.250E-02 
2.108E+03   1.954E+01  1.241E-02 
2.126E+03   1.942E+01  1.232E-02 
2.143E+03   1.930E+01  1.223E-02 
2.161E+03   1.918E+01  1.214E-02 
2.179E+03   1.907E+01  1.205E-02 
2.197E+03   1.895E+01  1.196E-02 
2.216E+03   1.883E+01  1.188E-02 
2.234E+03   1.871E+01  1.179E-02 
2.253E+03   1.860E+01  1.170E-02 
2.272E+03   1.848E+01  1.162E-02 
2.291E+03   1.837E+01  1.153E-02 
2.310E+03   1.825E+01  1.145E-02 
2.329E+03   1.814E+01  1.137E-02 
2.348E+03   1.803E+01  1.128E-02 
2.368E+03   1.791E+01  1.120E-02 
2.388E+03   1.780E+01  1.112E-02 
2.408E+03   1.769E+01  1.104E-02 
2.428E+03   1.758E+01  1.096E-02 
2.448E+03   1.747E+01  1.088E-02 
2.468E+03   1.736E+01  1.080E-02 
2.489E+03   1.725E+01  1.072E-02 
2.510E+03   1.715E+01  1.064E-02 
2.531E+03   1.704E+01  1.056E-02 
2.552E+03   1.693E+01  1.048E-02 
2.573E+03   1.683E+01  1.041E-02 
2.594E+03   1.672E+01  1.033E-02 
2.616E+03   1.661E+01  1.025E-02 
2.638E+03   1.651E+01  1.018E-02 
2.660E+03   1.641E+01  1.010E-02 
2.682E+03   1.630E+01  1.003E-02 
2.704E+03   1.620E+01  9.957E-03 
2.727E+03   1.610E+01  9.884E-03 
2.750E+03   1.600E+01  9.811E-03 
2.773E+03   1.590E+01  9.739E-03 
2.796E+03   1.579E+01  9.668E-03 
2.819E+03   1.570E+01  9.597E-03 
2.842E+03   1.560E+01  9.527E-03 
2.866E+03   1.550E+01  9.457E-03 
2.890E+03   1.540E+01  9.387E-03 
2.914E+03   1.530E+01  9.318E-03 
2.938E+03   1.520E+01  9.250E-03 
2.963E+03   1.511E+01  9.182E-03 
2.988E+03   1.501E+01  9.115E-03 
3.013E+03   1.492E+01  9.048E-03 
3.038E+03   1.482E+01  8.981E-03 
3.063E+03   1.473E+01  8.915E-03 
3.089E+03   1.463E+01  8.850E-03 
3.114E+03   1.454E+01  8.785E-03 
3.140E+03   1.445E+01  8.720E-03 
3.166E+03   1.436E+01  8.656E-03 
3.193E+03   1.427E+01  8.593E-03 
3.219E+03   1.417E+01  8.530E-03 
3.246E+03   1.408E+01  8.467E-03 
3.273E+03   1.399E+01  8.405E-03 
3.301E+03   1.391E+01  8.343E-03 
3.328E+03   1.382E+01  8.282E-03 
3.356E+03   1.373E+01  8.221E-03 
3.384E+03   1.364E+01  8.160E-03 
3.412E+03   1.355E+01  8.100E-03 
3.441E+03   1.347E+01  8.041E-03 
3.469E+03   1.338E+01  7.981E-03 
3.498E+03   1.329E+01  7.923E-03 
3.527E+03   1.321E+01  7.864E-03 
3.557E+03   1.313E+01  7.807E-03 
3.586E+03   1.304E+01  7.749E-03 
3.616E+03   1.296E+01  7.692E-03 
3.646E+03   1.287E+01  7.635E-03 
3.677E+03   1.279E+01  7.579E-03 
3.707E+03   1.271E+01  7.523E-03 
3.738E+03   1.263E+01  7.468E-03 
3.770E+03   1.255E+01  7.413E-03 
3.801E+03   1.247E+01  7.358E-03 
3.833E+03   1.239E+01  7.304E-03 
3.865E+03   1.231E+01  7.250E-03 
3.897E+03   1.223E+01  7.197E-03 
3.929E+03   1.215E+01  7.144E-03 
3.962E+03   1.207E+01  7.091E-03 
3.995E+03   1.199E+01  7.039E-03 
4.028E+03   1.191E+01  6.987E-03 
4.062E+03   1.184E+01  6.936E-03 
4.096E+03   1.176E+01  6.884E-03 
4.130E+03   1.169E+01  6.834E-03 
4.164E+03   1.161E+01  6.783E-03 
4.199E+03   1.154E+01  6.733E-03 
4.234E+03   1.146E+01  6.684E-03 
4.269E+03   1.139E+01  6.634E-03 
4.305E+03   1.131E+01  6.585E-03 
4.341E+03   1.124E+01  6.537E-03 
4.377E+03   1.117E+01  6.489E-03 
4.414E+03   1.109E+01  6.441E-03 
4.450E+03   1.102E+01  6.393E-03 
4.488E+03   1.095E+01  6.346E-03 
4.525E+03   1.088E+01  6.299E-03 
4.563E+03   1.081E+01  6.253E-03 
4.601E+03   1.074E+01  6.206E-03 
4.639E+03   1.067E+01  6.161E-03 
4.678E+03   1.060E+01  6.115E-03 
4.717E+03   1.053E+01  6.070E-03 
4.756E+03   1.046E+01  6.025E-03 
4.796E+03   1.039E+01  5.981E-03 
4.836E+03   1.033E+01  5.936E-03 
4.876E+03   1.026E+01  5.892E-03 
4.917E+03   1.019E+01  5.849E-03 
4.958E+03   1.013E+01  5.806E-03 
4.999E+03   1.006E+01  5.763E-03 
5.041E+03   9.995E+00  5.720E-03 
5.083E+03   9.930E+00  5.678E-03 
5.125E+03   9.865E+00  5.636E-03 
5.168E+03   9.801E+00  5.594E-03 
5.211E+03   9.737E+00  5.553E-03 
5.254E+03   9.673E+00  5.512E-03 
5.298E+03   9.610E+00  5.471E-03 
5.342E+03   9.547E+00  5.431E-03 
5.387E+03   9.485E+00  5.390E-03 
5.432E+03   9.423E+00  5.350E-03 
5.477E+03   9.361E+00  5.311E-03 
5.523E+03   9.300E+00  5.272E-03 
5.569E+03   9.239E+00  5.233E-03 
5.615E+03   9.179E+00  5.194E-03 
5.662E+03   9.118E+00  5.155E-03 
5.709E+03   9.059E+00  5.117E-03 
5.757E+03   8.999E+00  5.079E-03 
5.805E+03   8.940E+00  5.042E-03 
5.853E+03   8.882E+00  5.004E-03 
5.902E+03   8.823E+00  4.967E-03 
5.951E+03   8.765E+00  4.930E-03 
6.001E+03   8.708E+00  4.894E-03 
6.051E+03   8.651E+00  4.858E-03 
6.101E+03   8.594E+00  4.822E-03 
6.152E+03   8.537E+00  4.786E-03 
6.203E+03   8.481E+00  4.750E-03 
6.255E+03   8.425E+00  4.715E-03 
6.307E+03   8.370E+00  4.680E-03 
6.360E+03   8.315E+00  4.646E-03 
6.413E+03   8.260E+00  4.611E-03 
6.466E+03   8.205E+00  4.577E-03 
6.520E+03   8.151E+00  4.543E-03 
6.575E+03   8.098E+00  4.509E-03 
6.629E+03   8.044E+00  4.476E-03 
6.685E+03   7.991E+00  4.443E-03 
6.740E+03   7.938E+00  4.410E-03 
6.797E+03   7.886E+00  4.377E-03 
6.853E+03   7.834E+00  4.345E-03 
6.910E+03   7.782E+00  4.312E-03 
6.968E+03   7.731E+00  4.280E-03 
7.026E+03   7.680E+00  4.248E-03 
7.085E+03   7.629E+00  4.217E-03 
7.144E+03   7.578E+00  4.186E-03 
7.203E+03   7.528E+00  4.155E-03 
7.263E+03   7.478E+00  4.124E-03 
7.324E+03   7.429E+00  4.093E-03 
7.385E+03   7.380E+00  4.063E-03 
7.447E+03   7.331E+00  4.033E-03 
7.509E+03   7.282E+00  4.003E-03 
7.571E+03   7.234E+00  3.973E-03 
7.634E+03   7.186E+00  3.943E-03 
7.698E+03   7.138E+00  3.914E-03 
7.762E+03   7.091E+00  3.885E-03 
7.827E+03   7.044E+00  3.856E-03 
7.892E+03   6.997E+00  3.827E-03 
7.958E+03   6.951E+00  3.799E-03 
8.024E+03   6.905E+00  3.771E-03 
8.091E+03   6.859E+00  3.743E-03 
8.159E+03   6.813E+00  3.715E-03 
8.227E+03   6.768E+00  3.687E-03 
8.295E+03   6.723E+00  3.660E-03 
8.364E+03   6.678E+00  3.633E-03 
8.434E+03   6.634E+00  3.606E-03 
8.504E+03   6.590E+00  3.579E-03 
8.575E+03   6.546E+00  3.552E-03 
8.647E+03   6.502E+00  3.526E-03 
8.719E+03   6.459E+00  3.499E-03 
8.792E+03   6.416E+00  3.473E-03 
8.865E+03   6.373E+00  3.448E-03 
8.939E+03   6.331E+00  3.422E-03 
9.013E+03   6.288E+00  3.396E-03 
9.088E+03   6.247E+00  3.371E-03 
9.164E+03   6.205E+00  3.346E-03 
9.241E+03   6.163E+00  3.321E-03 
9.318E+03   6.122E+00  3.296E-03 
9.395E+03   6.081E+00  3.272E-03 
9.474E+03   6.041E+00  3.247E-03 
9.553E+03   6.001E+00  3.223E-03 
9.632E+03   5.960E+00  3.199E-03 
9.713E+03   5.921E+00  3.175E-03 
9.794E+03   5.881E+00  3.152E-03 
9.875E+03   5.842E+00  3.128E-03 
9.958E+03   5.803E+00  3.105E-03 
1.004E+04   5.764E+00  3.082E-03 
1.012E+04   5.725E+00  3.059E-03 
1.021E+04   5.687E+00  3.036E-03 
1.029E+04   5.649E+00  3.013E-03 
1.038E+04   5.611E+00  2.991E-03 
1.047E+04   5.574E+00  2.969E-03 
1.055E+04   5.536E+00  2.947E-03 
1.064E+04   5.499E+00  2.925E-03 
1.073E+04   5.462E+00  2.903E-03 
1.082E+04   5.426E+00  2.881E-03 
1.091E+04   5.390E+00  2.860E-03 
1.100E+04   5.353E+00  2.838E-03 
1.109E+04   5.318E+00  2.817E-03 
1.118E+04   5.282E+00  2.796E-03 
1.128E+04   5.246E+00  2.775E-03 
1.137E+04   5.211E+00  2.755E-03 
1.147E+04   5.176E+00  2.734E-03 
1.156E+04   5.142E+00  2.714E-03 
1.166E+04   5.107E+00  2.693E-03 
1.176E+04   5.073E+00  2.673E-03 
1.185E+04   5.039E+00  2.653E-03 
1.195E+04   5.005E+00  2.633E-03 
1.205E+04   4.971E+00  2.614E-03 
1.215E+04   4.938E+00  2.594E-03 
1.225E+04   4.905E+00  2.575E-03 
1.236E+04   4.872E+00  2.556E-03 
1.246E+04   4.839E+00  2.537E-03 
1.256E+04   4.807E+00  2.518E-03 
1.267E+04   4.774E+00  2.499E-03 
1.277E+04   4.742E+00  2.480E-03 
1.288E+04   4.710E+00  2.462E-03 
1.299E+04   4.679E+00  2.443E-03 
1.310E+04   4.647E+00  2.425E-03 
1.321E+04   4.616E+00  2.407E-03 
1.332E+04   4.585E+00  2.389E-03 
1.343E+04   4.554E+00  2.371E-03 
1.354E+04   4.523E+00  2.353E-03 
1.365E+04   4.493E+00  2.336E-03 
1.376E+04   4.463E+00  2.318E-03 
1.388E+04   4.433E+00  2.301E-03 
1.400E+04   4.403E+00  2.284E-03 
1.411E+04   4.373E+00  2.267E-03 
1.423E+04   4.344E+00  2.250E-03 
1.435E+04   4.314E+00  2.233E-03 
1.447E+04   4.285E+00  2.216E-03 
1.459E+04   4.257E+00  2.199E-03 
1.471E+04   4.228E+00  2.183E-03 
1.483E+04   4.199E+00  2.167E-03 
1.496E+04   4.171E+00  2.150E-03 
1.508E+04   4.143E+00  2.134E-03 
1.521E+04   4.115E+00  2.118E-03 
1.533E+04   4.087E+00  2.103E-03 
1.546E+04   4.060E+00  2.087E-03 
1.559E+04   4.032E+00  2.071E-03 
1.572E+04   4.005E+00  2.056E-03 
1.585E+04   3.978E+00  2.040E-03 
1.598E+04   3.951E+00  2.025E-03 
1.612E+04   3.925E+00  2.010E-03 
1.625E+04   3.898E+00  1.995E-03 
1.639E+04   3.872E+00  1.980E-03 
1.652E+04   3.846E+00  1.965E-03 
1.666E+04   3.820E+00  1.950E-03 
1.680E+04   3.794E+00  1.936E-03 
1.694E+04   3.769E+00  1.921E-03 
1.708E+04   3.743E+00  1.907E-03 
1.722E+04   3.718E+00  1.893E-03 
1.737E+04   3.693E+00  1.878E-03 
1.751E+04   3.668E+00  1.864E-03 
1.766E+04   3.643E+00  1.850E-03 
1.781E+04   3.619E+00  1.836E-03 
1.795E+04   3.594E+00  1.823E-03 
1.810E+04   3.570E+00  1.809E-03 
1.825E+04   3.546E+00  1.795E-03 
1.841E+04   3.522E+00  1.782E-03 
1.856E+04   3.498E+00  1.769E-03 
1.871E+04   3.474E+00  1.755E-03 
1.887E+04   3.451E+00  1.742E-03 
1.903E+04   3.428E+00  1.729E-03 
1.919E+04   3.405E+00  1.716E-03 
1.935E+04   3.382E+00  1.703E-03 
1.951E+04   3.359E+00  1.690E-03 
1.967E+04   3.336E+00  1.678E-03 
1.983E+04   3.314E+00  1.665E-03 
2.000E+04   3.291E+00  1.653E-03 
